MindTS threshold metrics

model_name: MindTS
model_params: {"align_loss_type": "contrastive", "batch_size": 32, "d_ff": 8, "d_model": 256, "dataset_description": "Energy contains weekly U.S. gasoline price statistics in dollars per gallon and energy reports collected from the U.S. Energy Information Administration.", "e_layers": 1, "enc_in_time": 9, "frequency_keep_modes": 4, "horizon": 0, "mask_ratio": 0.4, "norm": true, "num_epochs": 5, "parallel_strategy": null, "patch_size": 6, "r": 0.2, "recon_logvar_max": 2.0, "recon_logvar_min": -6.0, "recon_loss_type": "mse", "seq_len": 24, "stl_period": 52, "stride": 6, "time_freq_align_weight": 0.2, "use_frequency_branch": false, "use_information_condenser": false}
file_name: Energy.csv

Each threshold:
 threshold    Aff-F     V-PR    V-ROC
         1 0.201392 0.438392 0.690055
         2 0.326372 0.438392 0.690055
         3 0.324993 0.438392 0.690055
         4 0.445412 0.438392 0.690055
         5 0.441548 0.438392 0.690055
         6 0.492458 0.438392 0.690055
         7 0.581585 0.438392 0.690055
         8 0.620578 0.438392 0.690055
        10 0.646255 0.438392 0.690055
        11 0.663096 0.438392 0.690055
        12 0.673731 0.438392 0.690055
        13 0.679201 0.438392 0.690055
        14 0.684794 0.438392 0.690055
        15 0.683503 0.438392 0.690055
        16 0.699619 0.438392 0.690055
        17 0.712873 0.438392 0.690055
        18 0.712795 0.438392 0.690055
        19 0.709511 0.438392 0.690055
        20 0.707345 0.438392 0.690055
        21 0.706887 0.438392 0.690055
        22 0.703207 0.438392 0.690055
        23 0.711158 0.438392 0.690055
        24 0.704069 0.438392 0.690055
        25 0.701644 0.438392 0.690055
        26 0.706277 0.438392 0.690055
        27 0.716678 0.438392 0.690055
        28 0.710247 0.438392 0.690055
        29 0.722424 0.438392 0.690055
        30 0.699337 0.438392 0.690055
        35 0.693841 0.438392 0.690055
        40 0.708751 0.438392 0.690055
        41 0.708751 0.438392 0.690055
        42 0.708932 0.438392 0.690055
        43 0.703180 0.438392 0.690055
        44 0.703087 0.438392 0.690055
        45 0.702438 0.438392 0.690055
        46 0.702568 0.438392 0.690055
        47 0.700162 0.438392 0.690055
        48 0.697409 0.438392 0.690055
        49 0.696607 0.438392 0.690055
        50 0.695127 0.438392 0.690055
        51 0.694885 0.438392 0.690055

Mean across thresholds:
Aff-F: 0.6477315630043947
V-PR: 0.43839229735899243
V-ROC: 0.6900553510917449

Best threshold by Aff-F:
threshold: 29
Aff-F: 0.7224240242083736
V-PR: 0.43839229735899254
V-ROC: 0.6900553510917449
