MindTS threshold metrics

model_name: MindTS
model_params: {"align_loss_type": "symmetric_gaussian_kl", "batch_size": 64, "d_ff": 64, "d_model": 64, "dataset_description": "Environment contains daily Air Quality Index data and related reports collected from the U.S. Environmental Protection Agency and NBC.", "e_layers": 1, "enc_in_time": 1, "frequency_keep_modes": 4, "horizon": 0, "mask_ratio": 0.4, "norm": true, "num_epochs": 5, "parallel_strategy": null, "patch_size": 6, "r": 0.9, "recon_logvar_max": 2.0, "recon_logvar_min": -6.0, "recon_loss_type": "mse", "seq_len": 72, "stl_period": 7, "stride": 6, "time_freq_align_weight": 0.2, "use_frequency_branch": false, "use_information_condenser": false}
file_name: Environment.csv

Each threshold:
 threshold    Aff-F     V-PR    V-ROC
         1 0.090806 0.409881 0.847022
         2 0.141535 0.409881 0.847022
         3 0.165189 0.409881 0.847022
         4 0.226609 0.409881 0.847022
         5 0.291886 0.409881 0.847022
         6 0.353350 0.409881 0.847022
         7 0.410394 0.409881 0.847022
         8 0.451034 0.409881 0.847022
        10 0.559721 0.409881 0.847022
        11 0.575496 0.409881 0.847022
        12 0.606591 0.409881 0.847022
        13 0.649316 0.409881 0.847022
        14 0.693101 0.409881 0.847022
        15 0.710032 0.409881 0.847022
        16 0.712190 0.409881 0.847022
        17 0.744257 0.409881 0.847022
        18 0.752025 0.409881 0.847022
        19 0.759712 0.409881 0.847022
        20 0.767986 0.409881 0.847022
        21 0.768590 0.409881 0.847022
        22 0.768894 0.409881 0.847022
        23 0.769426 0.409881 0.847022
        24 0.768816 0.409881 0.847022
        25 0.768736 0.409881 0.847022
        26 0.764095 0.409881 0.847022
        27 0.758439 0.409881 0.847022
        28 0.762390 0.409881 0.847022
        29 0.760468 0.409881 0.847022
        30 0.763054 0.409881 0.847022
        35 0.756511 0.409881 0.847022
        40 0.757795 0.409881 0.847022
        41 0.757934 0.409881 0.847022
        42 0.755506 0.409881 0.847022
        43 0.753139 0.409881 0.847022
        44 0.755951 0.409881 0.847022
        45 0.753043 0.409881 0.847022
        46 0.754660 0.409881 0.847022
        47 0.756435 0.409881 0.847022
        48 0.752133 0.409881 0.847022
        49 0.752879 0.409881 0.847022
        50 0.749101 0.409881 0.847022
        51 0.748997 0.409881 0.847022

Mean across thresholds:
Aff-F: 0.6456719220534959
V-PR: 0.4098811929465222
V-ROC: 0.84702163511525

Best threshold by Aff-F:
threshold: 23
Aff-F: 0.769425901150936
V-PR: 0.40988119294652225
V-ROC: 0.8470216351152501
