MindTS threshold metrics

model_name: MindTS
model_params: {"align_loss_type": "contrastive", "batch_size": 32, "d_ff": 32, "d_model": 256, "dataset_description": "MDT is a financial stock series. Numerical data come from Yahoo Finance; related financial news comes from NASDAQ, Bloomberg, and other financial news websites.", "e_layers": 1, "enc_in_time": 1, "frequency_keep_modes": 4, "horizon": 0, "mask_ratio": 0.4, "norm": true, "num_epochs": 5, "parallel_strategy": null, "patch_size": 6, "r": 0.9, "recon_logvar_max": 2.0, "recon_logvar_min": -6.0, "recon_loss_type": "mse", "seq_len": 24, "stl_period": 5, "stride": 6, "time_freq_align_weight": 0.2, "use_frequency_branch": true, "use_information_condenser": false}
file_name: MDT.csv

Each threshold:
 threshold    Aff-F     V-PR    V-ROC
         1 0.035785 0.436674 0.748319
         2 0.175439 0.436674 0.748319
         3 0.265060 0.436674 0.748319
         4 0.369436 0.436674 0.748319
         5 0.395115 0.436674 0.748319
         6 0.481937 0.436674 0.748319
         7 0.534001 0.436674 0.748319
         8 0.530674 0.436674 0.748319
        10 0.547368 0.436674 0.748319
        11 0.575353 0.436674 0.748319
        12 0.620258 0.436674 0.748319
        13 0.618177 0.436674 0.748319
        14 0.624563 0.436674 0.748319
        15 0.659282 0.436674 0.748319
        16 0.680504 0.436674 0.748319
        17 0.705823 0.436674 0.748319
        18 0.709163 0.436674 0.748319
        19 0.705245 0.436674 0.748319
        20 0.728888 0.436674 0.748319
        21 0.736280 0.436674 0.748319
        22 0.736672 0.436674 0.748319
        23 0.736029 0.436674 0.748319
        24 0.734632 0.436674 0.748319
        25 0.736755 0.436674 0.748319
        26 0.726423 0.436674 0.748319
        27 0.751701 0.436674 0.748319
        28 0.763272 0.436674 0.748319
        29 0.762793 0.436674 0.748319
        30 0.770271 0.436674 0.748319
        35 0.779224 0.436674 0.748319
        40 0.764651 0.436674 0.748319
        41 0.752012 0.436674 0.748319
        42 0.754719 0.436674 0.748319
        43 0.749597 0.436674 0.748319
        44 0.753295 0.436674 0.748319
        45 0.748930 0.436674 0.748319
        46 0.745362 0.436674 0.748319
        47 0.742823 0.436674 0.748319
        48 0.737868 0.436674 0.748319
        49 0.736157 0.436674 0.748319
        50 0.737776 0.436674 0.748319
        51 0.735368 0.436674 0.748319

Mean across thresholds:
Aff-F: 0.6465400251067123
V-PR: 0.4366742376272008
V-ROC: 0.7483193533538631

Best threshold by Aff-F:
threshold: 35
Aff-F: 0.7792238523686055
V-PR: 0.43667423762720076
V-ROC: 0.7483193533538631
