MindTS threshold metrics

model_name: MindTS
model_params: {"align_loss_type": "text_gaussian_nll", "batch_size": 16, "d_ff": 16, "d_model": 256, "dataset_description": "KR is a financial stock series. Numerical data come from Yahoo Finance; related financial news comes from NASDAQ, Bloomberg, and other financial news websites.", "e_layers": 1, "enc_in_time": 1, "frequency_keep_modes": 4, "horizon": 0, "mask_ratio": 0.4, "norm": true, "num_epochs": 5, "parallel_strategy": null, "patch_size": 8, "r": 0.9, "recon_logvar_max": 2.0, "recon_logvar_min": -6.0, "recon_loss_type": "mse", "seq_len": 24, "stl_period": 5, "stride": 8, "time_freq_align_weight": 0.2, "use_frequency_branch": false, "use_information_condenser": false}
file_name: KR.csv

Each threshold:
 threshold    Aff-F     V-PR    V-ROC
         1 0.312500 0.518837 0.883777
         2 0.410915 0.518837 0.883777
         3 0.538908 0.518837 0.883777
         4 0.673828 0.518837 0.883777
         5 0.754043 0.518837 0.883777
         6 0.750832 0.518837 0.883777
         7 0.801691 0.518837 0.883777
         8 0.822586 0.518837 0.883777
        10 0.848371 0.518837 0.883777
        11 0.837348 0.518837 0.883777
        12 0.839458 0.518837 0.883777
        13 0.844524 0.518837 0.883777
        14 0.832908 0.518837 0.883777
        15 0.831026 0.518837 0.883777
        16 0.836186 0.518837 0.883777
        17 0.825124 0.518837 0.883777
        18 0.823942 0.518837 0.883777
        19 0.819861 0.518837 0.883777
        20 0.836640 0.518837 0.883777
        21 0.833612 0.518837 0.883777
        22 0.824574 0.518837 0.883777
        23 0.829081 0.518837 0.883777
        24 0.814678 0.518837 0.883777
        25 0.801284 0.518837 0.883777
        26 0.796959 0.518837 0.883777
        27 0.795612 0.518837 0.883777
        28 0.787986 0.518837 0.883777
        29 0.789021 0.518837 0.883777
        30 0.789036 0.518837 0.883777
        35 0.781184 0.518837 0.883777
        40 0.760333 0.518837 0.883777
        41 0.753607 0.518837 0.883777
        42 0.754409 0.518837 0.883777
        43 0.750005 0.518837 0.883777
        44 0.749922 0.518837 0.883777
        45 0.747338 0.518837 0.883777
        46 0.745818 0.518837 0.883777
        47 0.745168 0.518837 0.883777
        48 0.744616 0.518837 0.883777
        49 0.743343 0.518837 0.883777
        50 0.742897 0.518837 0.883777
        51 0.755759 0.518837 0.883777

Mean across thresholds:
Aff-F: 0.7637364974885708
V-PR: 0.5188367223814878
V-ROC: 0.8837773164292871

Best threshold by Aff-F:
threshold: 10
Aff-F: 0.8483709575643639
V-PR: 0.5188367223814879
V-ROC: 0.8837773164292871
