MindTS threshold metrics

model_name: MindTS
model_params: {"align_loss_type": "contrastive", "batch_size": 32, "d_ff": 32, "d_model": 256, "dataset_description": "MDT is a financial stock series. Numerical data come from Yahoo Finance; related financial news comes from NASDAQ, Bloomberg, and other financial news websites.", "e_layers": 1, "enc_in_time": 1, "horizon": 0, "mask_ratio": 0.4, "norm": true, "num_epochs": 5, "parallel_strategy": null, "patch_size": 6, "r": 0.9, "recon_logvar_max": 2.0, "recon_logvar_min": -6.0, "recon_loss_type": "mse", "seq_len": 24, "stl_period": 5, "stride": 6, "use_information_condenser": true}
file_name: MDT.csv

Each threshold:
 threshold    Aff-F     V-PR    V-ROC
         1 0.035785 0.483104 0.753279
         2 0.173659 0.483104 0.753279
         3 0.263102 0.483104 0.753279
         4 0.263102 0.483104 0.753279
         5 0.263102 0.483104 0.753279
         6 0.343504 0.483104 0.753279
         7 0.418123 0.483104 0.753279
         8 0.415944 0.483104 0.753279
        10 0.590235 0.483104 0.753279
        11 0.602095 0.483104 0.753279
        12 0.631323 0.483104 0.753279
        13 0.710460 0.483104 0.753279
        14 0.710589 0.483104 0.753279
        15 0.723834 0.483104 0.753279
        16 0.723371 0.483104 0.753279
        17 0.714114 0.483104 0.753279
        18 0.721979 0.483104 0.753279
        19 0.753324 0.483104 0.753279
        20 0.743779 0.483104 0.753279
        21 0.765628 0.483104 0.753279
        22 0.783758 0.483104 0.753279
        23 0.774464 0.483104 0.753279
        24 0.770312 0.483104 0.753279
        25 0.762056 0.483104 0.753279
        26 0.771010 0.483104 0.753279
        27 0.769511 0.483104 0.753279
        28 0.758725 0.483104 0.753279
        29 0.755353 0.483104 0.753279
        30 0.762226 0.483104 0.753279
        35 0.748303 0.483104 0.753279
        40 0.746436 0.483104 0.753279
        41 0.746810 0.483104 0.753279
        42 0.750201 0.483104 0.753279
        43 0.752897 0.483104 0.753279
        44 0.753069 0.483104 0.753279
        45 0.748525 0.483104 0.753279
        46 0.745077 0.483104 0.753279
        47 0.744462 0.483104 0.753279
        48 0.743711 0.483104 0.753279
        49 0.745698 0.483104 0.753279
        50 0.741689 0.483104 0.753279
        51 0.741428 0.483104 0.753279

Mean across thresholds:
Aff-F: 0.6472088664674359
V-PR: 0.48310371806302155
V-ROC: 0.7532790026763049

Best threshold by Aff-F:
threshold: 22
Aff-F: 0.7837581831946637
V-PR: 0.4831037180630216
V-ROC: 0.7532790026763049
