MindTS threshold metrics

model_name: MindTS
model_params: {"align_loss_type": "contrastive", "batch_size": 32, "d_ff": 32, "d_model": 256, "dataset_description": "MDT is a financial stock series. Numerical data come from Yahoo Finance; related financial news comes from NASDAQ, Bloomberg, and other financial news websites.", "e_layers": 1, "enc_in_time": 1, "horizon": 0, "mask_ratio": 0.4, "norm": true, "num_epochs": 5, "parallel_strategy": null, "patch_size": 6, "r": 0.9, "recon_logvar_max": 2.0, "recon_logvar_min": -6.0, "recon_loss_type": "gaussian_nll", "seq_len": 24, "stl_period": 5, "stride": 6, "use_information_condenser": false}
file_name: MDT.csv

Each threshold:
 threshold    Aff-F     V-PR    V-ROC
         1 0.141013 0.489156 0.775658
         2 0.321076 0.489156 0.775658
         3 0.347749 0.489156 0.775658
         4 0.423556 0.489156 0.775658
         5 0.446718 0.489156 0.775658
         6 0.512295 0.489156 0.775658
         7 0.552944 0.489156 0.775658
         8 0.552944 0.489156 0.775658
        10 0.595971 0.489156 0.775658
        11 0.608101 0.489156 0.775658
        12 0.630659 0.489156 0.775658
        13 0.654923 0.489156 0.775658
        14 0.669292 0.489156 0.775658
        15 0.683694 0.489156 0.775658
        16 0.685542 0.489156 0.775658
        17 0.710293 0.489156 0.775658
        18 0.716150 0.489156 0.775658
        19 0.719537 0.489156 0.775658
        20 0.727729 0.489156 0.775658
        21 0.740949 0.489156 0.775658
        22 0.751638 0.489156 0.775658
        23 0.750425 0.489156 0.775658
        24 0.765143 0.489156 0.775658
        25 0.762693 0.489156 0.775658
        26 0.759552 0.489156 0.775658
        27 0.754024 0.489156 0.775658
        28 0.750571 0.489156 0.775658
        29 0.753360 0.489156 0.775658
        30 0.760146 0.489156 0.775658
        35 0.745908 0.489156 0.775658
        40 0.737141 0.489156 0.775658
        41 0.736009 0.489156 0.775658
        42 0.727356 0.489156 0.775658
        43 0.724584 0.489156 0.775658
        44 0.725221 0.489156 0.775658
        45 0.723351 0.489156 0.775658
        46 0.722020 0.489156 0.775658
        47 0.731859 0.489156 0.775658
        48 0.726274 0.489156 0.775658
        49 0.723016 0.489156 0.775658
        50 0.722492 0.489156 0.775658
        51 0.717969 0.489156 0.775658

Mean across thresholds:
Aff-F: 0.6598068353525645
V-PR: 0.4891556950328371
V-ROC: 0.7756576788626913

Best threshold by Aff-F:
threshold: 24
Aff-F: 0.765142556092807
V-PR: 0.489155695032837
V-ROC: 0.7756576788626913
