MindTS threshold metrics

model_name: MindTS
model_params: {"align_loss_type": "text_gaussian_nll", "batch_size": 16, "d_ff": 512, "d_model": 256, "dataset_description": "EWJ is a financial stock series. Numerical data come from Yahoo Finance; related financial news comes from NASDAQ, Bloomberg, and other financial news websites.", "e_layers": 1, "enc_in_time": 1, "horizon": 0, "mask_ratio": 0.3, "norm": true, "num_epochs": 5, "parallel_strategy": null, "patch_size": 6, "r": 0.5, "recon_logvar_max": 2.0, "recon_logvar_min": -6.0, "recon_loss_type": "gaussian_nll", "seq_len": 48, "stl_period": 5, "stride": 6, "use_information_condenser": false}
file_name: EWJ.csv

Each threshold:
 threshold    Aff-F     V-PR    V-ROC
         1 0.128470 0.245598 0.570668
         2 0.257094 0.245598 0.570668
         3 0.312831 0.245598 0.570668
         4 0.474419 0.245598 0.570668
         5 0.536129 0.245598 0.570668
         6 0.551789 0.245598 0.570668
         7 0.578844 0.245598 0.570668
         8 0.603230 0.245598 0.570668
        10 0.616718 0.245598 0.570668
        11 0.597875 0.245598 0.570668
        12 0.598708 0.245598 0.570668
        13 0.605964 0.245598 0.570668
        14 0.598773 0.245598 0.570668
        15 0.620337 0.245598 0.570668
        16 0.614405 0.245598 0.570668
        17 0.623968 0.245598 0.570668
        18 0.625659 0.245598 0.570668
        19 0.625684 0.245598 0.570668
        20 0.643263 0.245598 0.570668
        21 0.660699 0.245598 0.570668
        22 0.649836 0.245598 0.570668
        23 0.648609 0.245598 0.570668
        24 0.645848 0.245598 0.570668
        25 0.638686 0.245598 0.570668
        26 0.631005 0.245598 0.570668
        27 0.619321 0.245598 0.570668
        28 0.635031 0.245598 0.570668
        29 0.628695 0.245598 0.570668
        30 0.649921 0.245598 0.570668
        35 0.646233 0.245598 0.570668
        40 0.663074 0.245598 0.570668
        41 0.665406 0.245598 0.570668
        42 0.663409 0.245598 0.570668
        43 0.664170 0.245598 0.570668
        44 0.667975 0.245598 0.570668
        45 0.669054 0.245598 0.570668
        46 0.671233 0.245598 0.570668
        47 0.669721 0.245598 0.570668
        48 0.684333 0.245598 0.570668
        49 0.683660 0.245598 0.570668
        50 0.680862 0.245598 0.570668
        51 0.679128 0.245598 0.570668

Mean across thresholds:
Aff-F: 0.6030968851640336
V-PR: 0.24559759928125174
V-ROC: 0.5706679173815075

Best threshold by Aff-F:
threshold: 48
Aff-F: 0.6843330549457498
V-PR: 0.2455975992812517
V-ROC: 0.5706679173815076
