MindTS threshold metrics

model_name: MindTS
model_params: {"align_loss_type": "contrastive", "batch_size": 16, "d_ff": 16, "d_model": 256, "dataset_description": "KR is a financial stock series. Numerical data come from Yahoo Finance; related financial news comes from NASDAQ, Bloomberg, and other financial news websites.", "e_layers": 1, "enc_in_time": 1, "horizon": 0, "mask_ratio": 0.4, "norm": true, "num_epochs": 5, "parallel_strategy": null, "patch_size": 8, "r": 0.9, "recon_logvar_max": 2.0, "recon_logvar_min": -6.0, "recon_loss_type": "mse", "seq_len": 24, "stl_period": 5, "stride": 8, "use_information_condenser": false}
file_name: KR.csv

Each threshold:
 threshold    Aff-F     V-PR    V-ROC
         1 0.312500 0.438362 0.857162
         2 0.407227 0.438362 0.857162
         3 0.561917 0.438362 0.857162
         4 0.627643 0.438362 0.857162
         5 0.689345 0.438362 0.857162
         6 0.747740 0.438362 0.857162
         7 0.795727 0.438362 0.857162
         8 0.789578 0.438362 0.857162
        10 0.816887 0.438362 0.857162
        11 0.836637 0.438362 0.857162
        12 0.826696 0.438362 0.857162
        13 0.822893 0.438362 0.857162
        14 0.813945 0.438362 0.857162
        15 0.795006 0.438362 0.857162
        16 0.787245 0.438362 0.857162
        17 0.803407 0.438362 0.857162
        18 0.808126 0.438362 0.857162
        19 0.802351 0.438362 0.857162
        20 0.803104 0.438362 0.857162
        21 0.797872 0.438362 0.857162
        22 0.798289 0.438362 0.857162
        23 0.797490 0.438362 0.857162
        24 0.791711 0.438362 0.857162
        25 0.790324 0.438362 0.857162
        26 0.792373 0.438362 0.857162
        27 0.805626 0.438362 0.857162
        28 0.810132 0.438362 0.857162
        29 0.806218 0.438362 0.857162
        30 0.827534 0.438362 0.857162
        35 0.796284 0.438362 0.857162
        40 0.784396 0.438362 0.857162
        41 0.777134 0.438362 0.857162
        42 0.775282 0.438362 0.857162
        43 0.772506 0.438362 0.857162
        44 0.773792 0.438362 0.857162
        45 0.771573 0.438362 0.857162
        46 0.772569 0.438362 0.857162
        47 0.769569 0.438362 0.857162
        48 0.765001 0.438362 0.857162
        49 0.762826 0.438362 0.857162
        50 0.757354 0.438362 0.857162
        51 0.754552 0.438362 0.857162

Mean across thresholds:
Aff-F: 0.7594853402040018
V-PR: 0.43836168633051437
V-ROC: 0.8571616279943532

Best threshold by Aff-F:
threshold: 11
Aff-F: 0.8366373900210328
V-PR: 0.4383616863305144
V-ROC: 0.8571616279943534
