MindTS threshold metrics

model_name: MindTS
model_params: {"align_loss_type": "text_gaussian_nll", "batch_size": 16, "d_ff": 16, "d_model": 256, "dataset_description": "KR is a financial stock series. Numerical data come from Yahoo Finance; related financial news comes from NASDAQ, Bloomberg, and other financial news websites.", "e_layers": 1, "enc_in_time": 1, "horizon": 0, "mask_ratio": 0.4, "norm": true, "num_epochs": 5, "parallel_strategy": null, "patch_size": 8, "r": 0.9, "recon_logvar_max": 2.0, "recon_logvar_min": -6.0, "recon_loss_type": "gaussian_nll", "seq_len": 24, "stl_period": 5, "stride": 8, "use_information_condenser": false}
file_name: KR.csv

Each threshold:
 threshold    Aff-F   V-PR    V-ROC
         1 0.457143 0.3394 0.707944
         2 0.488787 0.3394 0.707944
         3 0.553896 0.3394 0.707944
         4 0.655296 0.3394 0.707944
         5 0.655296 0.3394 0.707944
         6 0.690679 0.3394 0.707944
         7 0.720796 0.3394 0.707944
         8 0.725231 0.3394 0.707944
        10 0.731255 0.3394 0.707944
        11 0.740569 0.3394 0.707944
        12 0.737917 0.3394 0.707944
        13 0.736479 0.3394 0.707944
        14 0.736292 0.3394 0.707944
        15 0.774430 0.3394 0.707944
        16 0.797443 0.3394 0.707944
        17 0.801362 0.3394 0.707944
        18 0.799742 0.3394 0.707944
        19 0.786846 0.3394 0.707944
        20 0.793028 0.3394 0.707944
        21 0.793266 0.3394 0.707944
        22 0.800697 0.3394 0.707944
        23 0.801036 0.3394 0.707944
        24 0.801598 0.3394 0.707944
        25 0.802061 0.3394 0.707944
        26 0.795339 0.3394 0.707944
        27 0.792137 0.3394 0.707944
        28 0.804184 0.3394 0.707944
        29 0.802544 0.3394 0.707944
        30 0.798795 0.3394 0.707944
        35 0.784164 0.3394 0.707944
        40 0.765535 0.3394 0.707944
        41 0.764217 0.3394 0.707944
        42 0.762564 0.3394 0.707944
        43 0.756977 0.3394 0.707944
        44 0.753497 0.3394 0.707944
        45 0.753718 0.3394 0.707944
        46 0.751635 0.3394 0.707944
        47 0.734789 0.3394 0.707944
        48 0.733410 0.3394 0.707944
        49 0.732540 0.3394 0.707944
        50 0.726287 0.3394 0.707944
        51 0.721379 0.3394 0.707944

Mean across thresholds:
Aff-F: 0.7408298868381051
V-PR: 0.33940034990780643
V-ROC: 0.707943581979575

Best threshold by Aff-F:
threshold: 28
Aff-F: 0.8041835849530597
V-PR: 0.3394003499078064
V-ROC: 0.707943581979575
