MindTS threshold metrics

model_name: MindTS
model_params: {"align_loss_type": "contrastive", "batch_size": 64, "d_ff": 64, "d_model": 64, "dataset_description": "Environment contains daily Air Quality Index data and related reports collected from the U.S. Environmental Protection Agency and NBC.", "e_layers": 1, "enc_in_time": 1, "frequency_keep_modes": 4, "horizon": 0, "mask_ratio": 0.4, "norm": true, "num_epochs": 5, "parallel_strategy": null, "patch_size": 6, "r": 0.9, "recon_logvar_max": 2.0, "recon_logvar_min": -6.0, "recon_loss_type": "mse", "seq_len": 72, "stl_period": 7, "stride": 6, "time_freq_align_weight": 0.2, "use_frequency_branch": false, "use_information_condenser": false}
file_name: Environment.csv

Each threshold:
 threshold    Aff-F     V-PR    V-ROC
         1 0.027026 0.386979 0.854681
         2 0.053856 0.386979 0.854681
         3 0.105004 0.386979 0.854681
         4 0.184867 0.386979 0.854681
         5 0.292466 0.386979 0.854681
         6 0.339029 0.386979 0.854681
         7 0.375143 0.386979 0.854681
         8 0.472848 0.386979 0.854681
        10 0.524983 0.386979 0.854681
        11 0.568563 0.386979 0.854681
        12 0.580237 0.386979 0.854681
        13 0.600612 0.386979 0.854681
        14 0.641107 0.386979 0.854681
        15 0.661324 0.386979 0.854681
        16 0.681464 0.386979 0.854681
        17 0.700474 0.386979 0.854681
        18 0.701705 0.386979 0.854681
        19 0.709116 0.386979 0.854681
        20 0.730227 0.386979 0.854681
        21 0.735368 0.386979 0.854681
        22 0.744529 0.386979 0.854681
        23 0.754422 0.386979 0.854681
        24 0.764025 0.386979 0.854681
        25 0.761357 0.386979 0.854681
        26 0.760834 0.386979 0.854681
        27 0.775634 0.386979 0.854681
        28 0.775122 0.386979 0.854681
        29 0.781479 0.386979 0.854681
        30 0.779747 0.386979 0.854681
        35 0.768936 0.386979 0.854681
        40 0.767644 0.386979 0.854681
        41 0.771232 0.386979 0.854681
        42 0.772087 0.386979 0.854681
        43 0.773000 0.386979 0.854681
        44 0.767957 0.386979 0.854681
        45 0.766189 0.386979 0.854681
        46 0.761349 0.386979 0.854681
        47 0.761922 0.386979 0.854681
        48 0.758752 0.386979 0.854681
        49 0.757258 0.386979 0.854681
        50 0.755552 0.386979 0.854681
        51 0.753888 0.386979 0.854681

Mean across thresholds:
Aff-F: 0.6313888629498657
V-PR: 0.3869788786361476
V-ROC: 0.8546806791023945

Best threshold by Aff-F:
threshold: 29
Aff-F: 0.7814786550124951
V-PR: 0.3869788786361476
V-ROC: 0.8546806791023945
