MindTS threshold metrics

model_name: MindTS
model_params: {"align_loss_type": "symmetric_gaussian_kl", "batch_size": 16, "d_ff": 16, "d_model": 256, "dataset_description": "KR is a financial stock series. Numerical data come from Yahoo Finance; related financial news comes from NASDAQ, Bloomberg, and other financial news websites.", "e_layers": 1, "enc_in_time": 1, "frequency_keep_modes": 4, "horizon": 0, "mask_ratio": 0.4, "norm": true, "num_epochs": 5, "parallel_strategy": null, "patch_size": 8, "r": 0.9, "recon_logvar_max": 2.0, "recon_logvar_min": -6.0, "recon_loss_type": "mse", "seq_len": 24, "stl_period": 5, "stride": 8, "time_freq_align_weight": 0.2, "use_frequency_branch": false, "use_information_condenser": false}
file_name: KR.csv

Each threshold:
 threshold    Aff-F     V-PR    V-ROC
         1 0.363636 0.464997 0.885006
         2 0.454629 0.464997 0.885006
         3 0.489392 0.464997 0.885006
         4 0.625661 0.464997 0.885006
         5 0.659600 0.464997 0.885006
         6 0.743583 0.464997 0.885006
         7 0.792072 0.464997 0.885006
         8 0.816244 0.464997 0.885006
        10 0.840707 0.464997 0.885006
        11 0.816246 0.464997 0.885006
        12 0.816606 0.464997 0.885006
        13 0.810437 0.464997 0.885006
        14 0.799752 0.464997 0.885006
        15 0.797837 0.464997 0.885006
        16 0.821887 0.464997 0.885006
        17 0.813166 0.464997 0.885006
        18 0.805927 0.464997 0.885006
        19 0.800141 0.464997 0.885006
        20 0.794584 0.464997 0.885006
        21 0.791081 0.464997 0.885006
        22 0.794697 0.464997 0.885006
        23 0.792524 0.464997 0.885006
        24 0.798397 0.464997 0.885006
        25 0.791139 0.464997 0.885006
        26 0.795520 0.464997 0.885006
        27 0.797690 0.464997 0.885006
        28 0.793092 0.464997 0.885006
        29 0.790616 0.464997 0.885006
        30 0.780450 0.464997 0.885006
        35 0.792471 0.464997 0.885006
        40 0.787127 0.464997 0.885006
        41 0.784388 0.464997 0.885006
        42 0.782817 0.464997 0.885006
        43 0.782425 0.464997 0.885006
        44 0.782360 0.464997 0.885006
        45 0.775130 0.464997 0.885006
        46 0.774331 0.464997 0.885006
        47 0.774146 0.464997 0.885006
        48 0.772439 0.464997 0.885006
        49 0.768419 0.464997 0.885006
        50 0.765291 0.464997 0.885006
        51 0.759028 0.464997 0.885006

Mean across thresholds:
Aff-F: 0.7592306039841975
V-PR: 0.46499656620587293
V-ROC: 0.8850064232465021

Best threshold by Aff-F:
threshold: 10
Aff-F: 0.8407067308046371
V-PR: 0.464996566205873
V-ROC: 0.8850064232465021
