MindTS threshold metrics

model_name: MindTS
model_params: {"align_loss_type": "text_gaussian_nll", "batch_size": 64, "d_ff": 8, "d_model": 64, "dataset_description": "Weather contains temperature and humidity statistics and reports collected from government websites.", "e_layers": 1, "enc_in_time": 4, "horizon": 0, "mask_ratio": 0.4, "norm": true, "num_epochs": 5, "parallel_strategy": null, "patch_size": 6, "r": 0.8, "recon_logvar_max": 2.0, "recon_logvar_min": -6.0, "recon_loss_type": "gaussian_nll", "seq_len": 24, "stl_period": 3, "stride": 6, "use_information_condenser": false}
file_name: Weather.csv

Each threshold:
 threshold    Aff-F     V-PR    V-ROC
         1 0.283467 0.434196 0.776175
         2 0.373633 0.434196 0.776175
         3 0.426460 0.434196 0.776175
         4 0.509110 0.434196 0.776175
         5 0.548427 0.434196 0.776175
         6 0.574678 0.434196 0.776175
         7 0.580386 0.434196 0.776175
         8 0.615837 0.434196 0.776175
        10 0.644999 0.434196 0.776175
        11 0.661058 0.434196 0.776175
        12 0.686269 0.434196 0.776175
        13 0.691611 0.434196 0.776175
        14 0.700947 0.434196 0.776175
        15 0.701605 0.434196 0.776175
        16 0.701436 0.434196 0.776175
        17 0.706621 0.434196 0.776175
        18 0.709518 0.434196 0.776175
        19 0.710279 0.434196 0.776175
        20 0.705061 0.434196 0.776175
        21 0.709491 0.434196 0.776175
        22 0.707899 0.434196 0.776175
        23 0.704037 0.434196 0.776175
        24 0.716653 0.434196 0.776175
        25 0.717786 0.434196 0.776175
        26 0.728467 0.434196 0.776175
        27 0.743286 0.434196 0.776175
        28 0.748336 0.434196 0.776175
        29 0.753040 0.434196 0.776175
        30 0.748893 0.434196 0.776175
        35 0.742925 0.434196 0.776175
        40 0.751219 0.434196 0.776175
        41 0.749904 0.434196 0.776175
        42 0.745175 0.434196 0.776175
        43 0.744533 0.434196 0.776175
        44 0.743693 0.434196 0.776175
        45 0.741057 0.434196 0.776175
        46 0.745117 0.434196 0.776175
        47 0.747066 0.434196 0.776175
        48 0.745825 0.434196 0.776175
        49 0.745777 0.434196 0.776175
        50 0.742851 0.434196 0.776175
        51 0.740812 0.434196 0.776175

Mean across thresholds:
Aff-F: 0.6784581706527211
V-PR: 0.4341959212833003
V-ROC: 0.7761752695785903

Best threshold by Aff-F:
threshold: 29
Aff-F: 0.753040080469308
V-PR: 0.4341959212833003
V-ROC: 0.7761752695785903
