MindTS threshold metrics

model_name: MindTS
model_params: {"align_loss_type": "contrastive", "batch_size": 64, "d_ff": 64, "d_model": 64, "dataset_description": "Environment contains daily Air Quality Index data and related reports collected from the U.S. Environmental Protection Agency and NBC.", "e_layers": 1, "enc_in_time": 1, "horizon": 0, "mask_ratio": 0.4, "norm": true, "num_epochs": 5, "parallel_strategy": null, "patch_size": 6, "r": 0.9, "recon_logvar_max": 2.0, "recon_logvar_min": -6.0, "recon_loss_type": "gaussian_nll", "seq_len": 72, "stl_period": 7, "stride": 6, "use_information_condenser": false}
file_name: Environment.csv

Each threshold:
 threshold    Aff-F     V-PR    V-ROC
         1 0.289508 0.414461 0.834911
         2 0.435799 0.414461 0.834911
         3 0.507008 0.414461 0.834911
         4 0.535777 0.414461 0.834911
         5 0.572077 0.414461 0.834911
         6 0.606672 0.414461 0.834911
         7 0.638418 0.414461 0.834911
         8 0.668515 0.414461 0.834911
        10 0.719140 0.414461 0.834911
        11 0.721164 0.414461 0.834911
        12 0.738627 0.414461 0.834911
        13 0.735952 0.414461 0.834911
        14 0.733484 0.414461 0.834911
        15 0.734721 0.414461 0.834911
        16 0.736375 0.414461 0.834911
        17 0.740272 0.414461 0.834911
        18 0.741885 0.414461 0.834911
        19 0.752470 0.414461 0.834911
        20 0.755586 0.414461 0.834911
        21 0.759092 0.414461 0.834911
        22 0.767631 0.414461 0.834911
        23 0.763484 0.414461 0.834911
        24 0.760730 0.414461 0.834911
        25 0.756896 0.414461 0.834911
        26 0.758995 0.414461 0.834911
        27 0.761751 0.414461 0.834911
        28 0.763843 0.414461 0.834911
        29 0.758408 0.414461 0.834911
        30 0.752126 0.414461 0.834911
        35 0.751500 0.414461 0.834911
        40 0.758465 0.414461 0.834911
        41 0.758125 0.414461 0.834911
        42 0.758194 0.414461 0.834911
        43 0.758440 0.414461 0.834911
        44 0.757169 0.414461 0.834911
        45 0.764112 0.414461 0.834911
        46 0.764355 0.414461 0.834911
        47 0.763356 0.414461 0.834911
        48 0.757764 0.414461 0.834911
        49 0.755815 0.414461 0.834911
        50 0.754250 0.414461 0.834911
        51 0.749877 0.414461 0.834911

Mean across thresholds:
Aff-F: 0.7099482460699446
V-PR: 0.414460752162139
V-ROC: 0.8349108994256828

Best threshold by Aff-F:
threshold: 22
Aff-F: 0.7676307105213056
V-PR: 0.414460752162139
V-ROC: 0.834910899425683
