MindTS threshold metrics

model_name: MindTS
model_params: {"align_loss_type": "text_gaussian_nll", "batch_size": 16, "d_ff": 16, "d_model": 256, "dataset_description": "KR is a financial stock series. Numerical data come from Yahoo Finance; related financial news comes from NASDAQ, Bloomberg, and other financial news websites.", "e_layers": 1, "enc_in_time": 1, "frequency_keep_modes": 4, "horizon": 0, "mask_ratio": 0.4, "norm": true, "num_epochs": 5, "parallel_strategy": null, "patch_size": 8, "r": 0.9, "recon_logvar_max": 2.0, "recon_logvar_min": -6.0, "recon_loss_type": "mse", "seq_len": 24, "stl_period": 5, "stride": 8, "time_freq_align_weight": 0.2, "use_frequency_branch": false, "use_information_condenser": false}
file_name: KR.csv

Each threshold:
 threshold    Aff-F     V-PR    V-ROC
         1 0.312500 0.472958 0.844461
         2 0.363636 0.472958 0.844461
         3 0.529836 0.472958 0.844461
         4 0.629280 0.472958 0.844461
         5 0.697619 0.472958 0.844461
         6 0.753061 0.472958 0.844461
         7 0.753455 0.472958 0.844461
         8 0.803916 0.472958 0.844461
        10 0.819131 0.472958 0.844461
        11 0.798628 0.472958 0.844461
        12 0.819595 0.472958 0.844461
        13 0.831044 0.472958 0.844461
        14 0.828367 0.472958 0.844461
        15 0.832335 0.472958 0.844461
        16 0.818259 0.472958 0.844461
        17 0.815712 0.472958 0.844461
        18 0.819782 0.472958 0.844461
        19 0.814195 0.472958 0.844461
        20 0.809479 0.472958 0.844461
        21 0.807782 0.472958 0.844461
        22 0.805468 0.472958 0.844461
        23 0.811396 0.472958 0.844461
        24 0.800060 0.472958 0.844461
        25 0.793982 0.472958 0.844461
        26 0.788487 0.472958 0.844461
        27 0.805609 0.472958 0.844461
        28 0.794837 0.472958 0.844461
        29 0.797086 0.472958 0.844461
        30 0.790999 0.472958 0.844461
        35 0.781587 0.472958 0.844461
        40 0.760065 0.472958 0.844461
        41 0.761574 0.472958 0.844461
        42 0.762223 0.472958 0.844461
        43 0.758117 0.472958 0.844461
        44 0.755481 0.472958 0.844461
        45 0.758915 0.472958 0.844461
        46 0.758486 0.472958 0.844461
        47 0.754838 0.472958 0.844461
        48 0.747913 0.472958 0.844461
        49 0.745480 0.472958 0.844461
        50 0.746950 0.472958 0.844461
        51 0.745452 0.472958 0.844461

Mean across thresholds:
Aff-F: 0.75434798590252
V-PR: 0.4729577586722633
V-ROC: 0.8444612313477106

Best threshold by Aff-F:
threshold: 15
Aff-F: 0.8323353548626149
V-PR: 0.47295775867226336
V-ROC: 0.8444612313477107
