MindTS threshold metrics

model_name: MindTS
model_params: {"align_loss_type": "contrastive", "batch_size": 16, "d_ff": 16, "d_model": 256, "dataset_description": "KR is a financial stock series. Numerical data come from Yahoo Finance; related financial news comes from NASDAQ, Bloomberg, and other financial news websites.", "e_layers": 1, "enc_in_time": 1, "horizon": 0, "mask_ratio": 0.4, "norm": true, "num_epochs": 5, "parallel_strategy": null, "patch_size": 8, "r": 0.9, "recon_logvar_max": 2.0, "recon_logvar_min": -6.0, "recon_loss_type": "gaussian_nll", "seq_len": 24, "stl_period": 5, "stride": 8, "use_information_condenser": false}
file_name: KR.csv

Each threshold:
 threshold    Aff-F     V-PR    V-ROC
         1 0.411765 0.401326 0.758649
         2 0.589748 0.401326 0.758649
         3 0.589748 0.401326 0.758649
         4 0.686350 0.401326 0.758649
         5 0.709182 0.401326 0.758649
         6 0.707419 0.401326 0.758649
         7 0.732118 0.401326 0.758649
         8 0.743266 0.401326 0.758649
        10 0.793713 0.401326 0.758649
        11 0.807898 0.401326 0.758649
        12 0.807209 0.401326 0.758649
        13 0.805386 0.401326 0.758649
        14 0.785313 0.401326 0.758649
        15 0.767683 0.401326 0.758649
        16 0.768053 0.401326 0.758649
        17 0.764770 0.401326 0.758649
        18 0.767965 0.401326 0.758649
        19 0.774095 0.401326 0.758649
        20 0.775323 0.401326 0.758649
        21 0.775553 0.401326 0.758649
        22 0.802111 0.401326 0.758649
        23 0.812146 0.401326 0.758649
        24 0.810790 0.401326 0.758649
        25 0.805309 0.401326 0.758649
        26 0.806173 0.401326 0.758649
        27 0.804483 0.401326 0.758649
        28 0.801443 0.401326 0.758649
        29 0.798918 0.401326 0.758649
        30 0.793324 0.401326 0.758649
        35 0.790972 0.401326 0.758649
        40 0.791264 0.401326 0.758649
        41 0.781844 0.401326 0.758649
        42 0.777587 0.401326 0.758649
        43 0.772472 0.401326 0.758649
        44 0.767405 0.401326 0.758649
        45 0.765092 0.401326 0.758649
        46 0.755076 0.401326 0.758649
        47 0.751189 0.401326 0.758649
        48 0.746530 0.401326 0.758649
        49 0.745355 0.401326 0.758649
        50 0.745916 0.401326 0.758649
        51 0.746940 0.401326 0.758649

Mean across thresholds:
Aff-F: 0.7555927675243992
V-PR: 0.4013263275518788
V-ROC: 0.7586491978322973

Best threshold by Aff-F:
threshold: 23
Aff-F: 0.8121458943753314
V-PR: 0.40132632755187886
V-ROC: 0.7586491978322972
