MindTS threshold metrics

model_name: MindTS
model_params: {"align_loss_type": "contrastive", "batch_size": 64, "d_ff": 8, "d_model": 64, "dataset_description": "Weather contains temperature and humidity statistics and reports collected from government websites.", "e_layers": 1, "enc_in_time": 4, "horizon": 0, "mask_ratio": 0.4, "norm": true, "num_epochs": 5, "parallel_strategy": null, "patch_size": 6, "r": 0.8, "recon_logvar_max": 2.0, "recon_logvar_min": -6.0, "recon_loss_type": "mse", "seq_len": 24, "stl_period": 3, "stride": 6, "use_information_condenser": true}
file_name: Weather.csv

Each threshold:
 threshold    Aff-F     V-PR    V-ROC
         1 0.152795 0.497876 0.782047
         2 0.308826 0.497876 0.782047
         3 0.439467 0.497876 0.782047
         4 0.481622 0.497876 0.782047
         5 0.498477 0.497876 0.782047
         6 0.592579 0.497876 0.782047
         7 0.628033 0.497876 0.782047
         8 0.660073 0.497876 0.782047
        10 0.681089 0.497876 0.782047
        11 0.689087 0.497876 0.782047
        12 0.701539 0.497876 0.782047
        13 0.715669 0.497876 0.782047
        14 0.731950 0.497876 0.782047
        15 0.735013 0.497876 0.782047
        16 0.742092 0.497876 0.782047
        17 0.748105 0.497876 0.782047
        18 0.753200 0.497876 0.782047
        19 0.755662 0.497876 0.782047
        20 0.765360 0.497876 0.782047
        21 0.779509 0.497876 0.782047
        22 0.780678 0.497876 0.782047
        23 0.782571 0.497876 0.782047
        24 0.781139 0.497876 0.782047
        25 0.778248 0.497876 0.782047
        26 0.782663 0.497876 0.782047
        27 0.777911 0.497876 0.782047
        28 0.766874 0.497876 0.782047
        29 0.775336 0.497876 0.782047
        30 0.778434 0.497876 0.782047
        35 0.770939 0.497876 0.782047
        40 0.764568 0.497876 0.782047
        41 0.763094 0.497876 0.782047
        42 0.760126 0.497876 0.782047
        43 0.758723 0.497876 0.782047
        44 0.756516 0.497876 0.782047
        45 0.749849 0.497876 0.782047
        46 0.747798 0.497876 0.782047
        47 0.746487 0.497876 0.782047
        48 0.742268 0.497876 0.782047
        49 0.739913 0.497876 0.782047
        50 0.738961 0.497876 0.782047
        51 0.736931 0.497876 0.782047

Mean across thresholds:
Aff-F: 0.6985755679728466
V-PR: 0.4978764169952485
V-ROC: 0.7820474493401316

Best threshold by Aff-F:
threshold: 26
Aff-F: 0.7826631644632124
V-PR: 0.4978764169952486
V-ROC: 0.7820474493401316
