MindTS threshold metrics

model_name: MindTS
model_params: {"align_loss_type": "contrastive", "batch_size": 16, "d_ff": 512, "d_model": 256, "dataset_description": "EWJ is a financial stock series. Numerical data come from Yahoo Finance; related financial news comes from NASDAQ, Bloomberg, and other financial news websites.", "e_layers": 1, "enc_in_time": 1, "horizon": 0, "mask_ratio": 0.3, "norm": true, "num_epochs": 5, "parallel_strategy": null, "patch_size": 6, "r": 0.5, "recon_logvar_max": 2.0, "recon_logvar_min": -6.0, "recon_loss_type": "mse", "seq_len": 48, "stl_period": 5, "stride": 6, "use_information_condenser": true}
file_name: EWJ.csv

Each threshold:
 threshold    Aff-F     V-PR    V-ROC
         1 0.044321 0.255952 0.653303
         2 0.229320 0.255952 0.653303
         3 0.377481 0.255952 0.653303
         4 0.404745 0.255952 0.653303
         5 0.414170 0.255952 0.653303
         6 0.487237 0.255952 0.653303
         7 0.545134 0.255952 0.653303
         8 0.547994 0.255952 0.653303
        10 0.616295 0.255952 0.653303
        11 0.618886 0.255952 0.653303
        12 0.644365 0.255952 0.653303
        13 0.640174 0.255952 0.653303
        14 0.640430 0.255952 0.653303
        15 0.647948 0.255952 0.653303
        16 0.644373 0.255952 0.653303
        17 0.651355 0.255952 0.653303
        18 0.649143 0.255952 0.653303
        19 0.668632 0.255952 0.653303
        20 0.699464 0.255952 0.653303
        21 0.690268 0.255952 0.653303
        22 0.687620 0.255952 0.653303
        23 0.684505 0.255952 0.653303
        24 0.675326 0.255952 0.653303
        25 0.710782 0.255952 0.653303
        26 0.724179 0.255952 0.653303
        27 0.712869 0.255952 0.653303
        28 0.707550 0.255952 0.653303
        29 0.710383 0.255952 0.653303
        30 0.714603 0.255952 0.653303
        35 0.698797 0.255952 0.653303
        40 0.698607 0.255952 0.653303
        41 0.692847 0.255952 0.653303
        42 0.699258 0.255952 0.653303
        43 0.700607 0.255952 0.653303
        44 0.702561 0.255952 0.653303
        45 0.703699 0.255952 0.653303
        46 0.706176 0.255952 0.653303
        47 0.704058 0.255952 0.653303
        48 0.699600 0.255952 0.653303
        49 0.715084 0.255952 0.653303
        50 0.709556 0.255952 0.653303
        51 0.707396 0.255952 0.653303

Mean across thresholds:
Aff-F: 0.6268522782947228
V-PR: 0.25595246588346204
V-ROC: 0.6533026681289572

Best threshold by Aff-F:
threshold: 26
Aff-F: 0.7241793720705059
V-PR: 0.25595246588346204
V-ROC: 0.6533026681289572
