MindTS threshold metrics

model_name: MindTS
model_params: {"align_loss_type": "text_gaussian_nll", "batch_size": 64, "d_ff": 8, "d_model": 64, "dataset_description": "Weather contains temperature and humidity statistics and reports collected from government websites.", "e_layers": 1, "enc_in_time": 4, "frequency_keep_modes": 4, "horizon": 0, "mask_ratio": 0.4, "norm": true, "num_epochs": 5, "parallel_strategy": null, "patch_size": 6, "r": 0.8, "recon_logvar_max": 2.0, "recon_logvar_min": -6.0, "recon_loss_type": "mse", "seq_len": 24, "stl_period": 3, "stride": 6, "time_freq_align_weight": 0.2, "use_frequency_branch": false, "use_information_condenser": false}
file_name: Weather.csv

Each threshold:
 threshold    Aff-F     V-PR    V-ROC
         1 0.173372 0.486018 0.784965
         2 0.299122 0.486018 0.784965
         3 0.408676 0.486018 0.784965
         4 0.498531 0.486018 0.784965
         5 0.547129 0.486018 0.784965
         6 0.622059 0.486018 0.784965
         7 0.656196 0.486018 0.784965
         8 0.672140 0.486018 0.784965
        10 0.700711 0.486018 0.784965
        11 0.703840 0.486018 0.784965
        12 0.723838 0.486018 0.784965
        13 0.740530 0.486018 0.784965
        14 0.746781 0.486018 0.784965
        15 0.755778 0.486018 0.784965
        16 0.769242 0.486018 0.784965
        17 0.765638 0.486018 0.784965
        18 0.766420 0.486018 0.784965
        19 0.770367 0.486018 0.784965
        20 0.772468 0.486018 0.784965
        21 0.776939 0.486018 0.784965
        22 0.776526 0.486018 0.784965
        23 0.777247 0.486018 0.784965
        24 0.776724 0.486018 0.784965
        25 0.772347 0.486018 0.784965
        26 0.772246 0.486018 0.784965
        27 0.776122 0.486018 0.784965
        28 0.772986 0.486018 0.784965
        29 0.778930 0.486018 0.784965
        30 0.779363 0.486018 0.784965
        35 0.777173 0.486018 0.784965
        40 0.773734 0.486018 0.784965
        41 0.771813 0.486018 0.784965
        42 0.766002 0.486018 0.784965
        43 0.767608 0.486018 0.784965
        44 0.770079 0.486018 0.784965
        45 0.765251 0.486018 0.784965
        46 0.764477 0.486018 0.784965
        47 0.761408 0.486018 0.784965
        48 0.759602 0.486018 0.784965
        49 0.758408 0.486018 0.784965
        50 0.755832 0.486018 0.784965
        51 0.749962 0.486018 0.784965

Mean across thresholds:
Aff-F: 0.709371787295118
V-PR: 0.48601832225861635
V-ROC: 0.7849649950159743

Best threshold by Aff-F:
threshold: 30
Aff-F: 0.7793632681309131
V-PR: 0.4860183222586164
V-ROC: 0.7849649950159743
