MindTS threshold metrics

model_name: MindTS
model_params: {"align_loss_type": "contrastive", "batch_size": 16, "d_ff": 16, "d_model": 256, "dataset_description": "KR is a financial stock series. Numerical data come from Yahoo Finance; related financial news comes from NASDAQ, Bloomberg, and other financial news websites.", "e_layers": 1, "enc_in_time": 1, "frequency_keep_modes": 4, "horizon": 0, "mask_ratio": 0.4, "norm": true, "num_epochs": 5, "parallel_strategy": null, "patch_size": 8, "r": 0.9, "recon_logvar_max": 2.0, "recon_logvar_min": -6.0, "recon_loss_type": "mse", "seq_len": 24, "stl_period": 5, "stride": 8, "time_freq_align_weight": 0.2, "use_frequency_branch": true, "use_information_condenser": false}
file_name: KR.csv

Each threshold:
 threshold    Aff-F     V-PR    V-ROC
         1 0.411765 0.409522 0.846873
         2 0.457143 0.409522 0.846873
         3 0.541887 0.409522 0.846873
         4 0.637092 0.409522 0.846873
         5 0.662025 0.409522 0.846873
         6 0.711738 0.409522 0.846873
         7 0.727112 0.409522 0.846873
         8 0.756225 0.409522 0.846873
        10 0.755122 0.409522 0.846873
        11 0.746370 0.409522 0.846873
        12 0.748351 0.409522 0.846873
        13 0.742502 0.409522 0.846873
        14 0.721700 0.409522 0.846873
        15 0.721134 0.409522 0.846873
        16 0.756334 0.409522 0.846873
        17 0.755674 0.409522 0.846873
        18 0.751607 0.409522 0.846873
        19 0.741527 0.409522 0.846873
        20 0.766497 0.409522 0.846873
        21 0.762858 0.409522 0.846873
        22 0.761876 0.409522 0.846873
        23 0.763808 0.409522 0.846873
        24 0.757980 0.409522 0.846873
        25 0.778777 0.409522 0.846873
        26 0.787854 0.409522 0.846873
        27 0.807486 0.409522 0.846873
        28 0.824864 0.409522 0.846873
        29 0.820328 0.409522 0.846873
        30 0.809536 0.409522 0.846873
        35 0.792726 0.409522 0.846873
        40 0.791131 0.409522 0.846873
        41 0.789692 0.409522 0.846873
        42 0.782537 0.409522 0.846873
        43 0.781085 0.409522 0.846873
        44 0.773882 0.409522 0.846873
        45 0.766713 0.409522 0.846873
        46 0.762843 0.409522 0.846873
        47 0.758094 0.409522 0.846873
        48 0.754872 0.409522 0.846873
        49 0.752456 0.409522 0.846873
        50 0.752456 0.409522 0.846873
        51 0.746965 0.409522 0.846873

Mean across thresholds:
Aff-F: 0.7379196103038916
V-PR: 0.4095223860921679
V-ROC: 0.8468733265765239

Best threshold by Aff-F:
threshold: 28
Aff-F: 0.824863764420144
V-PR: 0.40952238609216796
V-ROC: 0.8468733265765241
