MindTS threshold metrics

model_name: MindTS
model_params: {"align_loss_type": "contrastive", "batch_size": 64, "d_ff": 8, "d_model": 64, "dataset_description": "Weather contains temperature and humidity statistics and reports collected from government websites.", "e_layers": 1, "enc_in_time": 4, "frequency_keep_modes": 4, "horizon": 0, "mask_ratio": 0.4, "norm": true, "num_epochs": 5, "parallel_strategy": null, "patch_size": 6, "r": 0.8, "recon_logvar_max": 2.0, "recon_logvar_min": -6.0, "recon_loss_type": "mse", "seq_len": 24, "stl_period": 3, "stride": 6, "time_freq_align_weight": 0.2, "use_frequency_branch": true, "use_information_condenser": false}
file_name: Weather.csv

Each threshold:
 threshold    Aff-F     V-PR    V-ROC
         1 0.172604 0.532031 0.801649
         2 0.340319 0.532031 0.801649
         3 0.433585 0.532031 0.801649
         4 0.535523 0.532031 0.801649
         5 0.580075 0.532031 0.801649
         6 0.623836 0.532031 0.801649
         7 0.642304 0.532031 0.801649
         8 0.683683 0.532031 0.801649
        10 0.712190 0.532031 0.801649
        11 0.729203 0.532031 0.801649
        12 0.739794 0.532031 0.801649
        13 0.744877 0.532031 0.801649
        14 0.743014 0.532031 0.801649
        15 0.759742 0.532031 0.801649
        16 0.763744 0.532031 0.801649
        17 0.770664 0.532031 0.801649
        18 0.782150 0.532031 0.801649
        19 0.779751 0.532031 0.801649
        20 0.776018 0.532031 0.801649
        21 0.774026 0.532031 0.801649
        22 0.780592 0.532031 0.801649
        23 0.790283 0.532031 0.801649
        24 0.794287 0.532031 0.801649
        25 0.793463 0.532031 0.801649
        26 0.789545 0.532031 0.801649
        27 0.787343 0.532031 0.801649
        28 0.787710 0.532031 0.801649
        29 0.786175 0.532031 0.801649
        30 0.787141 0.532031 0.801649
        35 0.776774 0.532031 0.801649
        40 0.766488 0.532031 0.801649
        41 0.759462 0.532031 0.801649
        42 0.754352 0.532031 0.801649
        43 0.750880 0.532031 0.801649
        44 0.745913 0.532031 0.801649
        45 0.744562 0.532031 0.801649
        46 0.743006 0.532031 0.801649
        47 0.740757 0.532031 0.801649
        48 0.739851 0.532031 0.801649
        49 0.738870 0.532031 0.801649
        50 0.738898 0.532031 0.801649
        51 0.737980 0.532031 0.801649

Mean across thresholds:
Aff-F: 0.7124151346555334
V-PR: 0.5320310156034507
V-ROC: 0.8016486330430039

Best threshold by Aff-F:
threshold: 24
Aff-F: 0.7942867805321576
V-PR: 0.5320310156034507
V-ROC: 0.8016486330430042
