MindTS threshold metrics

model_name: MindTS
model_params: {"align_loss_type": "symmetric_gaussian_kl", "batch_size": 64, "d_ff": 8, "d_model": 64, "dataset_description": "Weather contains temperature and humidity statistics and reports collected from government websites.", "e_layers": 1, "enc_in_time": 4, "frequency_keep_modes": 4, "horizon": 0, "mask_ratio": 0.4, "norm": true, "num_epochs": 5, "parallel_strategy": null, "patch_size": 6, "r": 0.8, "recon_logvar_max": 2.0, "recon_logvar_min": -6.0, "recon_loss_type": "mse", "seq_len": 24, "stl_period": 3, "stride": 6, "time_freq_align_weight": 0.2, "use_frequency_branch": false, "use_information_condenser": false}
file_name: Weather.csv

Each threshold:
 threshold    Aff-F     V-PR    V-ROC
         1 0.171951 0.500257 0.789938
         2 0.321630 0.500257 0.789938
         3 0.383220 0.500257 0.789938
         4 0.493995 0.500257 0.789938
         5 0.549635 0.500257 0.789938
         6 0.639450 0.500257 0.789938
         7 0.664115 0.500257 0.789938
         8 0.681734 0.500257 0.789938
        10 0.722821 0.500257 0.789938
        11 0.725292 0.500257 0.789938
        12 0.764435 0.500257 0.789938
        13 0.768610 0.500257 0.789938
        14 0.767953 0.500257 0.789938
        15 0.770478 0.500257 0.789938
        16 0.769201 0.500257 0.789938
        17 0.766908 0.500257 0.789938
        18 0.768191 0.500257 0.789938
        19 0.772984 0.500257 0.789938
        20 0.773501 0.500257 0.789938
        21 0.775490 0.500257 0.789938
        22 0.773611 0.500257 0.789938
        23 0.774299 0.500257 0.789938
        24 0.779238 0.500257 0.789938
        25 0.779417 0.500257 0.789938
        26 0.778024 0.500257 0.789938
        27 0.786696 0.500257 0.789938
        28 0.790902 0.500257 0.789938
        29 0.790663 0.500257 0.789938
        30 0.785563 0.500257 0.789938
        35 0.781549 0.500257 0.789938
        40 0.776189 0.500257 0.789938
        41 0.772600 0.500257 0.789938
        42 0.769736 0.500257 0.789938
        43 0.770545 0.500257 0.789938
        44 0.769539 0.500257 0.789938
        45 0.764458 0.500257 0.789938
        46 0.763546 0.500257 0.789938
        47 0.758278 0.500257 0.789938
        48 0.753821 0.500257 0.789938
        49 0.750665 0.500257 0.789938
        50 0.749102 0.500257 0.789938
        51 0.747774 0.500257 0.789938

Mean across thresholds:
Aff-F: 0.7147098073435219
V-PR: 0.5002573997758655
V-ROC: 0.7899375666282062

Best threshold by Aff-F:
threshold: 28
Aff-F: 0.7909019364953354
V-PR: 0.5002573997758655
V-ROC: 0.7899375666282064
