MindTS threshold metrics

model_name: MindTS
model_params: {"align_loss_type": "contrastive", "batch_size": 64, "d_ff": 8, "d_model": 64, "dataset_description": "Weather contains temperature and humidity statistics and reports collected from government websites.", "e_layers": 1, "enc_in_time": 4, "horizon": 0, "mask_ratio": 0.4, "norm": true, "num_epochs": 5, "parallel_strategy": null, "patch_size": 6, "r": 0.8, "recon_logvar_max": 2.0, "recon_logvar_min": -6.0, "recon_loss_type": "mse", "seq_len": 24, "stl_period": 3, "stride": 6, "use_information_condenser": false}
file_name: Weather.csv

Each threshold:
 threshold    Aff-F     V-PR    V-ROC
         1 0.145623 0.490308 0.785713
         2 0.290674 0.490308 0.785713
         3 0.365937 0.490308 0.785713
         4 0.483376 0.490308 0.785713
         5 0.556738 0.490308 0.785713
         6 0.581384 0.490308 0.785713
         7 0.627952 0.490308 0.785713
         8 0.677710 0.490308 0.785713
        10 0.707183 0.490308 0.785713
        11 0.717426 0.490308 0.785713
        12 0.733252 0.490308 0.785713
        13 0.743524 0.490308 0.785713
        14 0.751797 0.490308 0.785713
        15 0.754745 0.490308 0.785713
        16 0.765441 0.490308 0.785713
        17 0.760119 0.490308 0.785713
        18 0.766244 0.490308 0.785713
        19 0.768735 0.490308 0.785713
        20 0.765999 0.490308 0.785713
        21 0.774225 0.490308 0.785713
        22 0.779031 0.490308 0.785713
        23 0.775215 0.490308 0.785713
        24 0.779747 0.490308 0.785713
        25 0.787356 0.490308 0.785713
        26 0.781462 0.490308 0.785713
        27 0.786301 0.490308 0.785713
        28 0.784982 0.490308 0.785713
        29 0.786236 0.490308 0.785713
        30 0.784511 0.490308 0.785713
        35 0.779229 0.490308 0.785713
        40 0.767410 0.490308 0.785713
        41 0.762715 0.490308 0.785713
        42 0.762406 0.490308 0.785713
        43 0.761611 0.490308 0.785713
        44 0.765660 0.490308 0.785713
        45 0.762977 0.490308 0.785713
        46 0.763294 0.490308 0.785713
        47 0.762156 0.490308 0.785713
        48 0.759095 0.490308 0.785713
        49 0.757052 0.490308 0.785713
        50 0.757535 0.490308 0.785713
        51 0.756602 0.490308 0.785713

Mean across thresholds:
Aff-F: 0.7071587267207144
V-PR: 0.49030781752098934
V-ROC: 0.7857129288764051

Best threshold by Aff-F:
threshold: 25
Aff-F: 0.7873559165413788
V-PR: 0.49030781752098934
V-ROC: 0.785712928876405
