MindTS threshold metrics

model_name: MindTS
model_params: {"align_loss_type": "contrastive", "batch_size": 64, "d_ff": 8, "d_model": 64, "dataset_description": "Weather contains temperature and humidity statistics and reports collected from government websites.", "e_layers": 1, "enc_in_time": 4, "frequency_keep_modes": 4, "horizon": 0, "mask_ratio": 0.4, "norm": true, "num_epochs": 5, "parallel_strategy": null, "patch_size": 6, "r": 0.8, "recon_logvar_max": 2.0, "recon_logvar_min": -6.0, "recon_loss_type": "mse", "seq_len": 24, "stl_period": 3, "stride": 6, "time_freq_align_weight": 0.2, "use_frequency_branch": false, "use_information_condenser": false}
file_name: Weather.csv

Each threshold:
 threshold    Aff-F     V-PR    V-ROC
         1 0.216772 0.494654 0.773586
         2 0.355544 0.494654 0.773586
         3 0.444459 0.494654 0.773586
         4 0.508225 0.494654 0.773586
         5 0.553790 0.494654 0.773586
         6 0.641596 0.494654 0.773586
         7 0.691573 0.494654 0.773586
         8 0.701099 0.494654 0.773586
        10 0.744935 0.494654 0.773586
        11 0.750685 0.494654 0.773586
        12 0.771068 0.494654 0.773586
        13 0.777759 0.494654 0.773586
        14 0.781862 0.494654 0.773586
        15 0.783186 0.494654 0.773586
        16 0.783212 0.494654 0.773586
        17 0.787135 0.494654 0.773586
        18 0.795548 0.494654 0.773586
        19 0.793480 0.494654 0.773586
        20 0.793277 0.494654 0.773586
        21 0.794410 0.494654 0.773586
        22 0.792767 0.494654 0.773586
        23 0.790234 0.494654 0.773586
        24 0.782162 0.494654 0.773586
        25 0.782411 0.494654 0.773586
        26 0.775500 0.494654 0.773586
        27 0.769961 0.494654 0.773586
        28 0.776383 0.494654 0.773586
        29 0.783249 0.494654 0.773586
        30 0.784154 0.494654 0.773586
        35 0.777241 0.494654 0.773586
        40 0.772668 0.494654 0.773586
        41 0.769789 0.494654 0.773586
        42 0.767799 0.494654 0.773586
        43 0.765463 0.494654 0.773586
        44 0.765022 0.494654 0.773586
        45 0.760327 0.494654 0.773586
        46 0.757406 0.494654 0.773586
        47 0.754395 0.494654 0.773586
        48 0.752051 0.494654 0.773586
        49 0.752133 0.494654 0.773586
        50 0.752045 0.494654 0.773586
        51 0.749962 0.494654 0.773586

Mean across thresholds:
Aff-F: 0.7238747042125685
V-PR: 0.49465417618765306
V-ROC: 0.7735856789995398

Best threshold by Aff-F:
threshold: 18
Aff-F: 0.7955484360143092
V-PR: 0.49465417618765317
V-ROC: 0.7735856789995398
