MindTS threshold metrics

model_name: MindTS
model_params: {"align_loss_type": "contrastive", "batch_size": 32, "d_ff": 8, "d_model": 256, "dataset_description": "Energy contains weekly U.S. gasoline price statistics in dollars per gallon and energy reports collected from the U.S. Energy Information Administration.", "e_layers": 1, "enc_in_time": 9, "horizon": 0, "mask_ratio": 0.4, "norm": true, "num_epochs": 5, "parallel_strategy": null, "patch_size": 6, "r": 0.2, "recon_logvar_max": 2.0, "recon_logvar_min": -6.0, "recon_loss_type": "mse", "seq_len": 24, "stl_period": 52, "stride": 6, "use_information_condenser": true}
file_name: Energy.csv

Each threshold:
 threshold    Aff-F     V-PR    V-ROC
         1 0.225509 0.411034 0.671613
         2 0.338161 0.411034 0.671613
         3 0.342462 0.411034 0.671613
         4 0.361570 0.411034 0.671613
         5 0.406385 0.411034 0.671613
         6 0.525000 0.411034 0.671613
         7 0.509669 0.411034 0.671613
         8 0.564450 0.411034 0.671613
        10 0.558328 0.411034 0.671613
        11 0.554430 0.411034 0.671613
        12 0.579838 0.411034 0.671613
        13 0.602168 0.411034 0.671613
        14 0.602168 0.411034 0.671613
        15 0.627736 0.411034 0.671613
        16 0.653859 0.411034 0.671613
        17 0.654332 0.411034 0.671613
        18 0.647361 0.411034 0.671613
        19 0.643225 0.411034 0.671613
        20 0.673447 0.411034 0.671613
        21 0.678757 0.411034 0.671613
        22 0.681298 0.411034 0.671613
        23 0.709208 0.411034 0.671613
        24 0.707166 0.411034 0.671613
        25 0.731331 0.411034 0.671613
        26 0.730267 0.411034 0.671613
        27 0.719877 0.411034 0.671613
        28 0.722797 0.411034 0.671613
        29 0.717891 0.411034 0.671613
        30 0.715813 0.411034 0.671613
        35 0.712157 0.411034 0.671613
        40 0.719538 0.411034 0.671613
        41 0.717919 0.411034 0.671613
        42 0.718260 0.411034 0.671613
        43 0.724658 0.411034 0.671613
        44 0.720457 0.411034 0.671613
        45 0.718513 0.411034 0.671613
        46 0.716389 0.411034 0.671613
        47 0.716937 0.411034 0.671613
        48 0.713736 0.411034 0.671613
        49 0.713736 0.411034 0.671613
        50 0.712986 0.411034 0.671613
        51 0.712868 0.411034 0.671613

Mean across thresholds:
Aff-F: 0.6310155722844288
V-PR: 0.41103392277330675
V-ROC: 0.6716132778180298

Best threshold by Aff-F:
threshold: 25
Aff-F: 0.7313313567732148
V-PR: 0.41103392277330675
V-ROC: 0.6716132778180299
