MindTS threshold metrics

model_name: MindTS
model_params: {"align_loss_type": "symmetric_gaussian_kl", "batch_size": 16, "d_ff": 512, "d_model": 256, "dataset_description": "EWJ is a financial stock series. Numerical data come from Yahoo Finance; related financial news comes from NASDAQ, Bloomberg, and other financial news websites.", "e_layers": 1, "enc_in_time": 1, "frequency_keep_modes": 4, "horizon": 0, "mask_ratio": 0.3, "norm": true, "num_epochs": 5, "parallel_strategy": null, "patch_size": 6, "r": 0.5, "recon_logvar_max": 2.0, "recon_logvar_min": -6.0, "recon_loss_type": "mse", "seq_len": 48, "stl_period": 5, "stride": 6, "time_freq_align_weight": 0.2, "use_frequency_branch": false, "use_information_condenser": false}
file_name: EWJ.csv

Each threshold:
 threshold    Aff-F     V-PR    V-ROC
         1 0.043300 0.337938 0.747243
         2 0.168871 0.337938 0.747243
         3 0.227127 0.337938 0.747243
         4 0.407558 0.337938 0.747243
         5 0.525039 0.337938 0.747243
         6 0.527341 0.337938 0.747243
         7 0.561045 0.337938 0.747243
         8 0.572400 0.337938 0.747243
        10 0.657773 0.337938 0.747243
        11 0.707610 0.337938 0.747243
        12 0.719794 0.337938 0.747243
        13 0.705647 0.337938 0.747243
        14 0.724431 0.337938 0.747243
        15 0.742201 0.337938 0.747243
        16 0.745114 0.337938 0.747243
        17 0.751014 0.337938 0.747243
        18 0.767072 0.337938 0.747243
        19 0.786268 0.337938 0.747243
        20 0.782424 0.337938 0.747243
        21 0.778987 0.337938 0.747243
        22 0.775708 0.337938 0.747243
        23 0.774721 0.337938 0.747243
        24 0.761112 0.337938 0.747243
        25 0.769169 0.337938 0.747243
        26 0.769169 0.337938 0.747243
        27 0.765623 0.337938 0.747243
        28 0.765707 0.337938 0.747243
        29 0.764607 0.337938 0.747243
        30 0.763157 0.337938 0.747243
        35 0.724721 0.337938 0.747243
        40 0.715694 0.337938 0.747243
        41 0.716232 0.337938 0.747243
        42 0.713367 0.337938 0.747243
        43 0.715767 0.337938 0.747243
        44 0.701564 0.337938 0.747243
        45 0.701733 0.337938 0.747243
        46 0.701137 0.337938 0.747243
        47 0.700427 0.337938 0.747243
        48 0.703257 0.337938 0.747243
        49 0.704195 0.337938 0.747243
        50 0.700867 0.337938 0.747243
        51 0.700354 0.337938 0.747243

Mean across thresholds:
Aff-F: 0.6668881457510599
V-PR: 0.33793848519951747
V-ROC: 0.7472432874115063

Best threshold by Aff-F:
threshold: 19
Aff-F: 0.7862684180295317
V-PR: 0.33793848519951747
V-ROC: 0.7472432874115063
