MindTS threshold metrics

model_name: MindTS
model_params: {"align_loss_type": "contrastive", "batch_size": 32, "d_ff": 32, "d_model": 256, "dataset_description": "MDT is a financial stock series. Numerical data come from Yahoo Finance; related financial news comes from NASDAQ, Bloomberg, and other financial news websites.", "e_layers": 1, "enc_in_time": 1, "horizon": 0, "mask_ratio": 0.4, "norm": true, "num_epochs": 5, "parallel_strategy": null, "patch_size": 6, "r": 0.9, "recon_logvar_max": 2.0, "recon_logvar_min": -6.0, "recon_loss_type": "mse", "seq_len": 24, "stl_period": 5, "stride": 6, "use_information_condenser": false}
file_name: MDT.csv

Each threshold:
 threshold    Aff-F     V-PR    V-ROC
         1      NaN 0.510403 0.744787
         2 0.139262 0.510403 0.744787
         3 0.291634 0.510403 0.744787
         4 0.319243 0.510403 0.744787
         5 0.344751 0.510403 0.744787
         6 0.419122 0.510403 0.744787
         7 0.503043 0.510403 0.744787
         8 0.561801 0.510403 0.744787
        10 0.660897 0.510403 0.744787
        11 0.660897 0.510403 0.744787
        12 0.679547 0.510403 0.744787
        13 0.699931 0.510403 0.744787
        14 0.727529 0.510403 0.744787
        15 0.749433 0.510403 0.744787
        16 0.761526 0.510403 0.744787
        17 0.757154 0.510403 0.744787
        18 0.782844 0.510403 0.744787
        19 0.780231 0.510403 0.744787
        20 0.772547 0.510403 0.744787
        21 0.767239 0.510403 0.744787
        22 0.774775 0.510403 0.744787
        23 0.774881 0.510403 0.744787
        24 0.772841 0.510403 0.744787
        25 0.769014 0.510403 0.744787
        26 0.764566 0.510403 0.744787
        27 0.770572 0.510403 0.744787
        28 0.782080 0.510403 0.744787
        29 0.784363 0.510403 0.744787
        30 0.778383 0.510403 0.744787
        35 0.776452 0.510403 0.744787
        40 0.763652 0.510403 0.744787
        41 0.754388 0.510403 0.744787
        42 0.753493 0.510403 0.744787
        43 0.754550 0.510403 0.744787
        44 0.748878 0.510403 0.744787
        45 0.746171 0.510403 0.744787
        46 0.739030 0.510403 0.744787
        47 0.737439 0.510403 0.744787
        48 0.734363 0.510403 0.744787
        49 0.737295 0.510403 0.744787
        50 0.729692 0.510403 0.744787
        51 0.725473 0.510403 0.744787

Mean across thresholds:
Aff-F: 0.6841702766452074
V-PR: 0.510402752042153
V-ROC: 0.744787267884465

Best threshold by Aff-F:
threshold: 29
Aff-F: 0.7843632268153117
V-PR: 0.510402752042153
V-ROC: 0.744787267884465
