MindTS threshold metrics

model_name: MindTS
model_params: {"align_loss_type": "contrastive", "batch_size": 32, "d_ff": 32, "d_model": 256, "dataset_description": "MDT is a financial stock series. Numerical data come from Yahoo Finance; related financial news comes from NASDAQ, Bloomberg, and other financial news websites.", "e_layers": 1, "enc_in_time": 1, "frequency_keep_modes": 4, "horizon": 0, "mask_ratio": 0.4, "norm": true, "num_epochs": 5, "parallel_strategy": null, "patch_size": 6, "r": 0.9, "recon_logvar_max": 2.0, "recon_logvar_min": -6.0, "recon_loss_type": "mse", "seq_len": 24, "stl_period": 5, "stride": 6, "time_freq_align_weight": 0.2, "use_frequency_branch": false, "use_information_condenser": false}
file_name: MDT.csv

Each threshold:
 threshold    Aff-F     V-PR    V-ROC
         1 0.104949 0.404201 0.739227
         2 0.233690 0.404201 0.739227
         3 0.340485 0.404201 0.739227
         4 0.384290 0.404201 0.739227
         5 0.428410 0.404201 0.739227
         6 0.435794 0.404201 0.739227
         7 0.435460 0.404201 0.739227
         8 0.520606 0.404201 0.739227
        10 0.591322 0.404201 0.739227
        11 0.603525 0.404201 0.739227
        12 0.620157 0.404201 0.739227
        13 0.631194 0.404201 0.739227
        14 0.687026 0.404201 0.739227
        15 0.687026 0.404201 0.739227
        16 0.699548 0.404201 0.739227
        17 0.691394 0.404201 0.739227
        18 0.703291 0.404201 0.739227
        19 0.723471 0.404201 0.739227
        20 0.749641 0.404201 0.739227
        21 0.754590 0.404201 0.739227
        22 0.743557 0.404201 0.739227
        23 0.747888 0.404201 0.739227
        24 0.758811 0.404201 0.739227
        25 0.756931 0.404201 0.739227
        26 0.769299 0.404201 0.739227
        27 0.776517 0.404201 0.739227
        28 0.775654 0.404201 0.739227
        29 0.776704 0.404201 0.739227
        30 0.785110 0.404201 0.739227
        35 0.785692 0.404201 0.739227
        40 0.765481 0.404201 0.739227
        41 0.758650 0.404201 0.739227
        42 0.757802 0.404201 0.739227
        43 0.758206 0.404201 0.739227
        44 0.763603 0.404201 0.739227
        45 0.756727 0.404201 0.739227
        46 0.754090 0.404201 0.739227
        47 0.750814 0.404201 0.739227
        48 0.745778 0.404201 0.739227
        49 0.744721 0.404201 0.739227
        50 0.736039 0.404201 0.739227
        51 0.729375 0.404201 0.739227

Mean across thresholds:
Aff-F: 0.6600790007642958
V-PR: 0.40420098828420226
V-ROC: 0.7392266271242831

Best threshold by Aff-F:
threshold: 35
Aff-F: 0.7856920118469058
V-PR: 0.4042009882842023
V-ROC: 0.7392266271242832
