MindTS threshold metrics

model_name: MindTS
model_params: {"align_loss_type": "text_gaussian_nll", "batch_size": 32, "d_ff": 8, "d_model": 256, "dataset_description": "Energy contains weekly U.S. gasoline price statistics in dollars per gallon and energy reports collected from the U.S. Energy Information Administration.", "e_layers": 1, "enc_in_time": 9, "horizon": 0, "mask_ratio": 0.4, "norm": true, "num_epochs": 5, "parallel_strategy": null, "patch_size": 6, "r": 0.2, "seq_len": 24, "stl_period": 52, "stride": 6, "use_information_condenser": false}
file_name: Energy.csv

Each threshold:
 threshold    Aff-F     V-PR    V-ROC
         1 0.242337 0.394744 0.665969
         2 0.304294 0.394744 0.665969
         3 0.359008 0.394744 0.665969
         4 0.449775 0.394744 0.665969
         5 0.507727 0.394744 0.665969
         6 0.509125 0.394744 0.665969
         7 0.514004 0.394744 0.665969
         8 0.545108 0.394744 0.665969
        10 0.579193 0.394744 0.665969
        11 0.586102 0.394744 0.665969
        12 0.590894 0.394744 0.665969
        13 0.586134 0.394744 0.665969
        14 0.618005 0.394744 0.665969
        15 0.619623 0.394744 0.665969
        16 0.628796 0.394744 0.665969
        17 0.626619 0.394744 0.665969
        18 0.667144 0.394744 0.665969
        19 0.666018 0.394744 0.665969
        20 0.666696 0.394744 0.665969
        21 0.666805 0.394744 0.665969
        22 0.666089 0.394744 0.665969
        23 0.651981 0.394744 0.665969
        24 0.668634 0.394744 0.665969
        25 0.682473 0.394744 0.665969
        26 0.719667 0.394744 0.665969
        27 0.717203 0.394744 0.665969
        28 0.731084 0.394744 0.665969
        29 0.724342 0.394744 0.665969
        30 0.719389 0.394744 0.665969
        35 0.707302 0.394744 0.665969
        40 0.720877 0.394744 0.665969
        41 0.720460 0.394744 0.665969
        42 0.707979 0.394744 0.665969
        43 0.696346 0.394744 0.665969
        44 0.697129 0.394744 0.665969
        45 0.695373 0.394744 0.665969
        46 0.695615 0.394744 0.665969
        47 0.694322 0.394744 0.665969
        48 0.717984 0.394744 0.665969
        49 0.721377 0.394744 0.665969
        50 0.720059 0.394744 0.665969
        51 0.718373 0.394744 0.665969

Mean across thresholds:
Aff-F: 0.6292254063262746
V-PR: 0.39474446476628566
V-ROC: 0.6659690460409033

Best threshold by Aff-F:
threshold: 28
Aff-F: 0.7310843621972329
V-PR: 0.39474446476628555
V-ROC: 0.6659690460409033
