MindTS threshold metrics

model_name: MindTS
model_params: {"align_loss_type": "text_gaussian_nll", "batch_size": 32, "d_ff": 8, "d_model": 256, "dataset_description": "Energy contains weekly U.S. gasoline price statistics in dollars per gallon and energy reports collected from the U.S. Energy Information Administration.", "e_layers": 1, "enc_in_time": 9, "horizon": 0, "mask_ratio": 0.4, "norm": true, "num_epochs": 5, "parallel_strategy": null, "patch_size": 6, "r": 0.2, "recon_logvar_max": 2.0, "recon_logvar_min": -6.0, "recon_loss_type": "gaussian_nll", "seq_len": 24, "stl_period": 52, "stride": 6, "use_information_condenser": false}
file_name: Energy.csv

Each threshold:
 threshold    Aff-F     V-PR    V-ROC
         1 0.210161 0.343756 0.634711
         2 0.280376 0.343756 0.634711
         3 0.414746 0.343756 0.634711
         4 0.465051 0.343756 0.634711
         5 0.493142 0.343756 0.634711
         6 0.526691 0.343756 0.634711
         7 0.551174 0.343756 0.634711
         8 0.621669 0.343756 0.634711
        10 0.678060 0.343756 0.634711
        11 0.683223 0.343756 0.634711
        12 0.692970 0.343756 0.634711
        13 0.728173 0.343756 0.634711
        14 0.724802 0.343756 0.634711
        15 0.725890 0.343756 0.634711
        16 0.724926 0.343756 0.634711
        17 0.719539 0.343756 0.634711
        18 0.713207 0.343756 0.634711
        19 0.722770 0.343756 0.634711
        20 0.719853 0.343756 0.634711
        21 0.717522 0.343756 0.634711
        22 0.727085 0.343756 0.634711
        23 0.752888 0.343756 0.634711
        24 0.744014 0.343756 0.634711
        25 0.739353 0.343756 0.634711
        26 0.736421 0.343756 0.634711
        27 0.734081 0.343756 0.634711
        28 0.735728 0.343756 0.634711
        29 0.736243 0.343756 0.634711
        30 0.735089 0.343756 0.634711
        35 0.729912 0.343756 0.634711
        40 0.728097 0.343756 0.634711
        41 0.719826 0.343756 0.634711
        42 0.721693 0.343756 0.634711
        43 0.721217 0.343756 0.634711
        44 0.718856 0.343756 0.634711
        45 0.718716 0.343756 0.634711
        46 0.721591 0.343756 0.634711
        47 0.723069 0.343756 0.634711
        48 0.722917 0.343756 0.634711
        49 0.719413 0.343756 0.634711
        50 0.719082 0.343756 0.634711
        51 0.719082 0.343756 0.634711

Mean across thresholds:
Aff-F: 0.669959954842159
V-PR: 0.3437557111435189
V-ROC: 0.6347105908234513

Best threshold by Aff-F:
threshold: 23
Aff-F: 0.752888360238514
V-PR: 0.3437557111435189
V-ROC: 0.6347105908234512
