MindTS threshold metrics

model_name: MindTS
model_params: {"align_loss_type": "contrastive", "batch_size": 16, "d_ff": 16, "d_model": 256, "dataset_description": "KR is a financial stock series. Numerical data come from Yahoo Finance; related financial news comes from NASDAQ, Bloomberg, and other financial news websites.", "e_layers": 1, "enc_in_time": 1, "horizon": 0, "mask_ratio": 0.4, "norm": true, "num_epochs": 5, "parallel_strategy": null, "patch_size": 8, "r": 0.9, "recon_logvar_max": 2.0, "recon_logvar_min": -6.0, "recon_loss_type": "mse", "seq_len": 24, "stl_period": 5, "stride": 8, "use_information_condenser": true}
file_name: KR.csv

Each threshold:
 threshold    Aff-F     V-PR    V-ROC
         1 0.312500 0.548202 0.905277
         2 0.359662 0.548202 0.905277
         3 0.532560 0.548202 0.905277
         4 0.624490 0.548202 0.905277
         5 0.725639 0.548202 0.905277
         6 0.801462 0.548202 0.905277
         7 0.795375 0.548202 0.905277
         8 0.820107 0.548202 0.905277
        10 0.869138 0.548202 0.905277
        11 0.860349 0.548202 0.905277
        12 0.868591 0.548202 0.905277
        13 0.861386 0.548202 0.905277
        14 0.876558 0.548202 0.905277
        15 0.860952 0.548202 0.905277
        16 0.865261 0.548202 0.905277
        17 0.864292 0.548202 0.905277
        18 0.848242 0.548202 0.905277
        19 0.843241 0.548202 0.905277
        20 0.835625 0.548202 0.905277
        21 0.824851 0.548202 0.905277
        22 0.819785 0.548202 0.905277
        23 0.820241 0.548202 0.905277
        24 0.819779 0.548202 0.905277
        25 0.824371 0.548202 0.905277
        26 0.818951 0.548202 0.905277
        27 0.795896 0.548202 0.905277
        28 0.788992 0.548202 0.905277
        29 0.798171 0.548202 0.905277
        30 0.795269 0.548202 0.905277
        35 0.788679 0.548202 0.905277
        40 0.766559 0.548202 0.905277
        41 0.768230 0.548202 0.905277
        42 0.765421 0.548202 0.905277
        43 0.765261 0.548202 0.905277
        44 0.761496 0.548202 0.905277
        45 0.750103 0.548202 0.905277
        46 0.747636 0.548202 0.905277
        47 0.744217 0.548202 0.905277
        48 0.745347 0.548202 0.905277
        49 0.741724 0.548202 0.905277
        50 0.739445 0.548202 0.905277
        51 0.734850 0.548202 0.905277

Mean across thresholds:
Aff-F: 0.7702547535248412
V-PR: 0.5482017827817435
V-ROC: 0.9052766042199506

Best threshold by Aff-F:
threshold: 14
Aff-F: 0.8765579952858015
V-PR: 0.5482017827817435
V-ROC: 0.9052766042199506
