MindTS threshold metrics

model_name: MindTS
model_params: {"align_loss_type": "text_gaussian_nll", "batch_size": 32, "d_ff": 32, "d_model": 256, "dataset_description": "MDT is a financial stock series. Numerical data come from Yahoo Finance; related financial news comes from NASDAQ, Bloomberg, and other financial news websites.", "e_layers": 1, "enc_in_time": 1, "horizon": 0, "mask_ratio": 0.4, "norm": true, "num_epochs": 5, "parallel_strategy": null, "patch_size": 6, "r": 0.9, "recon_logvar_max": 2.0, "recon_logvar_min": -6.0, "recon_loss_type": "gaussian_nll", "seq_len": 24, "stl_period": 5, "stride": 6, "use_information_condenser": false}
file_name: MDT.csv

Each threshold:
 threshold    Aff-F     V-PR    V-ROC
         1 0.107179 0.443417 0.732344
         2 0.347749 0.443417 0.732344
         3 0.371200 0.443417 0.732344
         4 0.395014 0.443417 0.732344
         5 0.404886 0.443417 0.732344
         6 0.469210 0.443417 0.732344
         7 0.493044 0.443417 0.732344
         8 0.553548 0.443417 0.732344
        10 0.551106 0.443417 0.732344
        11 0.593545 0.443417 0.732344
        12 0.621775 0.443417 0.732344
        13 0.634628 0.443417 0.732344
        14 0.665978 0.443417 0.732344
        15 0.668288 0.443417 0.732344
        16 0.685662 0.443417 0.732344
        17 0.692329 0.443417 0.732344
        18 0.697499 0.443417 0.732344
        19 0.700803 0.443417 0.732344
        20 0.725444 0.443417 0.732344
        21 0.718588 0.443417 0.732344
        22 0.707894 0.443417 0.732344
        23 0.713246 0.443417 0.732344
        24 0.725727 0.443417 0.732344
        25 0.726106 0.443417 0.732344
        26 0.723464 0.443417 0.732344
        27 0.721661 0.443417 0.732344
        28 0.728772 0.443417 0.732344
        29 0.725998 0.443417 0.732344
        30 0.722602 0.443417 0.732344
        35 0.722976 0.443417 0.732344
        40 0.706950 0.443417 0.732344
        41 0.700949 0.443417 0.732344
        42 0.694625 0.443417 0.732344
        43 0.686520 0.443417 0.732344
        44 0.685892 0.443417 0.732344
        45 0.682924 0.443417 0.732344
        46 0.682179 0.443417 0.732344
        47 0.682094 0.443417 0.732344
        48 0.680885 0.443417 0.732344
        49 0.689308 0.443417 0.732344
        50 0.714551 0.443417 0.732344
        51 0.711953 0.443417 0.732344

Mean across thresholds:
Aff-F: 0.634160737060341
V-PR: 0.44341691411210166
V-ROC: 0.7323437022832514

Best threshold by Aff-F:
threshold: 28
Aff-F: 0.7287715795488372
V-PR: 0.4434169141121016
V-ROC: 0.7323437022832514
