MindTS threshold metrics

model_name: MindTS
model_params: {"align_loss_type": "contrastive", "batch_size": 32, "d_ff": 8, "d_model": 256, "dataset_description": "Energy contains weekly U.S. gasoline price statistics in dollars per gallon and energy reports collected from the U.S. Energy Information Administration.", "e_layers": 1, "enc_in_time": 9, "horizon": 0, "mask_ratio": 0.4, "norm": true, "num_epochs": 5, "parallel_strategy": null, "patch_size": 6, "r": 0.2, "recon_logvar_max": 2.0, "recon_logvar_min": -6.0, "recon_loss_type": "gaussian_nll", "seq_len": 24, "stl_period": 52, "stride": 6, "use_information_condenser": false}
file_name: Energy.csv

Each threshold:
 threshold    Aff-F     V-PR    V-ROC
         1 0.159478 0.341967 0.624166
         2 0.283196 0.341967 0.624166
         3 0.334836 0.341967 0.624166
         4 0.439408 0.341967 0.624166
         5 0.473962 0.341967 0.624166
         6 0.467184 0.341967 0.624166
         7 0.483434 0.341967 0.624166
         8 0.549318 0.341967 0.624166
        10 0.615521 0.341967 0.624166
        11 0.662333 0.341967 0.624166
        12 0.706345 0.341967 0.624166
        13 0.712639 0.341967 0.624166
        14 0.720597 0.341967 0.624166
        15 0.720460 0.341967 0.624166
        16 0.722573 0.341967 0.624166
        17 0.732047 0.341967 0.624166
        18 0.714572 0.341967 0.624166
        19 0.713984 0.341967 0.624166
        20 0.715966 0.341967 0.624166
        21 0.715948 0.341967 0.624166
        22 0.709608 0.341967 0.624166
        23 0.739552 0.341967 0.624166
        24 0.730999 0.341967 0.624166
        25 0.723844 0.341967 0.624166
        26 0.726252 0.341967 0.624166
        27 0.727138 0.341967 0.624166
        28 0.724489 0.341967 0.624166
        29 0.723298 0.341967 0.624166
        30 0.724120 0.341967 0.624166
        35 0.730797 0.341967 0.624166
        40 0.730316 0.341967 0.624166
        41 0.728607 0.341967 0.624166
        42 0.721079 0.341967 0.624166
        43 0.718624 0.341967 0.624166
        44 0.719946 0.341967 0.624166
        45 0.719269 0.341967 0.624166
        46 0.716610 0.341967 0.624166
        47 0.715615 0.341967 0.624166
        48 0.714327 0.341967 0.624166
        49 0.719195 0.341967 0.624166
        50 0.719195 0.341967 0.624166
        51 0.718537 0.341967 0.624166

Mean across thresholds:
Aff-F: 0.6558384702386655
V-PR: 0.3419668536615566
V-ROC: 0.6241660834332586

Best threshold by Aff-F:
threshold: 23
Aff-F: 0.7395517246893584
V-PR: 0.3419668536615566
V-ROC: 0.6241660834332586
