MindTS threshold metrics

model_name: MindTS
model_params: {"align_loss_type": "contrastive", "batch_size": 16, "d_ff": 512, "d_model": 256, "dataset_description": "EWJ is a financial stock series. Numerical data come from Yahoo Finance; related financial news comes from NASDAQ, Bloomberg, and other financial news websites.", "e_layers": 1, "enc_in_time": 1, "frequency_keep_modes": 4, "horizon": 0, "mask_ratio": 0.3, "norm": true, "num_epochs": 5, "parallel_strategy": null, "patch_size": 6, "r": 0.5, "recon_logvar_max": 2.0, "recon_logvar_min": -6.0, "recon_loss_type": "mse", "seq_len": 48, "stl_period": 5, "stride": 6, "time_freq_align_weight": 0.2, "use_frequency_branch": false, "use_information_condenser": false}
file_name: EWJ.csv

Each threshold:
 threshold    Aff-F     V-PR    V-ROC
         1 0.124824 0.411073 0.812293
         2 0.307802 0.411073 0.812293
         3 0.425654 0.411073 0.812293
         4 0.559449 0.411073 0.812293
         5 0.653510 0.411073 0.812293
         6 0.682780 0.411073 0.812293
         7 0.706958 0.411073 0.812293
         8 0.718442 0.411073 0.812293
        10 0.705602 0.411073 0.812293
        11 0.696944 0.411073 0.812293
        12 0.711575 0.411073 0.812293
        13 0.747273 0.411073 0.812293
        14 0.752529 0.411073 0.812293
        15 0.776500 0.411073 0.812293
        16 0.776933 0.411073 0.812293
        17 0.779446 0.411073 0.812293
        18 0.774000 0.411073 0.812293
        19 0.774478 0.411073 0.812293
        20 0.776551 0.411073 0.812293
        21 0.773743 0.411073 0.812293
        22 0.771265 0.411073 0.812293
        23 0.767708 0.411073 0.812293
        24 0.772652 0.411073 0.812293
        25 0.770223 0.411073 0.812293
        26 0.780656 0.411073 0.812293
        27 0.780277 0.411073 0.812293
        28 0.777532 0.411073 0.812293
        29 0.774033 0.411073 0.812293
        30 0.767338 0.411073 0.812293
        35 0.757712 0.411073 0.812293
        40 0.750555 0.411073 0.812293
        41 0.746799 0.411073 0.812293
        42 0.744450 0.411073 0.812293
        43 0.745198 0.411073 0.812293
        44 0.738515 0.411073 0.812293
        45 0.753596 0.411073 0.812293
        46 0.749773 0.411073 0.812293
        47 0.745926 0.411073 0.812293
        48 0.739884 0.411073 0.812293
        49 0.739053 0.411073 0.812293
        50 0.739419 0.411073 0.812293
        51 0.738379 0.411073 0.812293

Mean across thresholds:
Aff-F: 0.7113317234275979
V-PR: 0.4110733806336767
V-ROC: 0.8122925358724411

Best threshold by Aff-F:
threshold: 26
Aff-F: 0.7806555900543539
V-PR: 0.41107338063367665
V-ROC: 0.8122925358724409
