MindTS threshold metrics

model_name: MindTS
model_params: {"align_loss_type": "contrastive", "batch_size": 64, "d_ff": 8, "d_model": 64, "dataset_description": "Weather contains temperature and humidity statistics and reports collected from government websites.", "e_layers": 1, "enc_in_time": 4, "horizon": 0, "mask_ratio": 0.4, "norm": true, "num_epochs": 5, "parallel_strategy": null, "patch_size": 6, "r": 0.8, "recon_logvar_max": 2.0, "recon_logvar_min": -6.0, "recon_loss_type": "gaussian_nll", "seq_len": 24, "stl_period": 3, "stride": 6, "use_information_condenser": false}
file_name: Weather.csv

Each threshold:
 threshold    Aff-F     V-PR    V-ROC
         1 0.252904 0.434184 0.772356
         2 0.393358 0.434184 0.772356
         3 0.475202 0.434184 0.772356
         4 0.520055 0.434184 0.772356
         5 0.565200 0.434184 0.772356
         6 0.583788 0.434184 0.772356
         7 0.605605 0.434184 0.772356
         8 0.627440 0.434184 0.772356
        10 0.655677 0.434184 0.772356
        11 0.659160 0.434184 0.772356
        12 0.664096 0.434184 0.772356
        13 0.672621 0.434184 0.772356
        14 0.676426 0.434184 0.772356
        15 0.687295 0.434184 0.772356
        16 0.686333 0.434184 0.772356
        17 0.696944 0.434184 0.772356
        18 0.697069 0.434184 0.772356
        19 0.700351 0.434184 0.772356
        20 0.692808 0.434184 0.772356
        21 0.698570 0.434184 0.772356
        22 0.705592 0.434184 0.772356
        23 0.705059 0.434184 0.772356
        24 0.715978 0.434184 0.772356
        25 0.723074 0.434184 0.772356
        26 0.718975 0.434184 0.772356
        27 0.726961 0.434184 0.772356
        28 0.729748 0.434184 0.772356
        29 0.732760 0.434184 0.772356
        30 0.735027 0.434184 0.772356
        35 0.749949 0.434184 0.772356
        40 0.745524 0.434184 0.772356
        41 0.744773 0.434184 0.772356
        42 0.740797 0.434184 0.772356
        43 0.744349 0.434184 0.772356
        44 0.743761 0.434184 0.772356
        45 0.742701 0.434184 0.772356
        46 0.739746 0.434184 0.772356
        47 0.740678 0.434184 0.772356
        48 0.740053 0.434184 0.772356
        49 0.739903 0.434184 0.772356
        50 0.735621 0.434184 0.772356
        51 0.734128 0.434184 0.772356

Mean across thresholds:
Aff-F: 0.6749062001913464
V-PR: 0.43418443157511744
V-ROC: 0.7723559033210005

Best threshold by Aff-F:
threshold: 35
Aff-F: 0.7499490108260205
V-PR: 0.4341844315751174
V-ROC: 0.7723559033210006
