MindTS threshold metrics

model_name: MindTS
model_params: {"align_loss_type": "contrastive", "batch_size": 32, "d_ff": 8, "d_model": 256, "dataset_description": "Energy contains weekly U.S. gasoline price statistics in dollars per gallon and energy reports collected from the U.S. Energy Information Administration.", "e_layers": 1, "enc_in_time": 9, "horizon": 0, "mask_ratio": 0.4, "norm": true, "num_epochs": 5, "parallel_strategy": null, "patch_size": 6, "r": 0.2, "recon_logvar_max": 2.0, "recon_logvar_min": -6.0, "recon_loss_type": "mse", "seq_len": 24, "stl_period": 52, "stride": 6, "use_information_condenser": false}
file_name: Energy.csv

Each threshold:
 threshold    Aff-F     V-PR    V-ROC
         1 0.274194 0.387304 0.640564
         2 0.311190 0.387304 0.640564
         3 0.358824 0.387304 0.640564
         4 0.419527 0.387304 0.640564
         5 0.461839 0.387304 0.640564
         6 0.521205 0.387304 0.640564
         7 0.538092 0.387304 0.640564
         8 0.547250 0.387304 0.640564
        10 0.562597 0.387304 0.640564
        11 0.561030 0.387304 0.640564
        12 0.604552 0.387304 0.640564
        13 0.608576 0.387304 0.640564
        14 0.619998 0.387304 0.640564
        15 0.621238 0.387304 0.640564
        16 0.621238 0.387304 0.640564
        17 0.634792 0.387304 0.640564
        18 0.661221 0.387304 0.640564
        19 0.655315 0.387304 0.640564
        20 0.664455 0.387304 0.640564
        21 0.658573 0.387304 0.640564
        22 0.671210 0.387304 0.640564
        23 0.673239 0.387304 0.640564
        24 0.686900 0.387304 0.640564
        25 0.711620 0.387304 0.640564
        26 0.707954 0.387304 0.640564
        27 0.703127 0.387304 0.640564
        28 0.697766 0.387304 0.640564
        29 0.700600 0.387304 0.640564
        30 0.700788 0.387304 0.640564
        35 0.693367 0.387304 0.640564
        40 0.720596 0.387304 0.640564
        41 0.715499 0.387304 0.640564
        42 0.706802 0.387304 0.640564
        43 0.710908 0.387304 0.640564
        44 0.707129 0.387304 0.640564
        45 0.708004 0.387304 0.640564
        46 0.707392 0.387304 0.640564
        47 0.713987 0.387304 0.640564
        48 0.711784 0.387304 0.640564
        49 0.705012 0.387304 0.640564
        50 0.710962 0.387304 0.640564
        51 0.706710 0.387304 0.640564

Mean across thresholds:
Aff-F: 0.628025283651438
V-PR: 0.3873038230307052
V-ROC: 0.6405641250912539

Best threshold by Aff-F:
threshold: 40
Aff-F: 0.7205962894495178
V-PR: 0.3873038230307052
V-ROC: 0.6405641250912539
