MindTS threshold metrics

model_name: MindTS
model_params: {"align_loss_type": "text_gaussian_nll", "batch_size": 64, "d_ff": 64, "d_model": 64, "dataset_description": "Environment contains daily Air Quality Index data and related reports collected from the U.S. Environmental Protection Agency and NBC.", "e_layers": 1, "enc_in_time": 1, "frequency_keep_modes": 4, "horizon": 0, "mask_ratio": 0.4, "norm": true, "num_epochs": 5, "parallel_strategy": null, "patch_size": 6, "r": 0.9, "recon_logvar_max": 2.0, "recon_logvar_min": -6.0, "recon_loss_type": "mse", "seq_len": 72, "stl_period": 7, "stride": 6, "time_freq_align_weight": 0.2, "use_frequency_branch": false, "use_information_condenser": false}
file_name: Environment.csv

Each threshold:
 threshold    Aff-F     V-PR    V-ROC
         1 0.090710 0.411712 0.843468
         2 0.153689 0.411712 0.843468
         3 0.153689 0.411712 0.843468
         4 0.226223 0.411712 0.843468
         5 0.280359 0.411712 0.843468
         6 0.356550 0.411712 0.843468
         7 0.419111 0.411712 0.843468
         8 0.461293 0.411712 0.843468
        10 0.556649 0.411712 0.843468
        11 0.575409 0.411712 0.843468
        12 0.603529 0.411712 0.843468
        13 0.673826 0.411712 0.843468
        14 0.691991 0.411712 0.843468
        15 0.690454 0.411712 0.843468
        16 0.713355 0.411712 0.843468
        17 0.733692 0.411712 0.843468
        18 0.741750 0.411712 0.843468
        19 0.747473 0.411712 0.843468
        20 0.741019 0.411712 0.843468
        21 0.757255 0.411712 0.843468
        22 0.760863 0.411712 0.843468
        23 0.770265 0.411712 0.843468
        24 0.761177 0.411712 0.843468
        25 0.770028 0.411712 0.843468
        26 0.771517 0.411712 0.843468
        27 0.769584 0.411712 0.843468
        28 0.775437 0.411712 0.843468
        29 0.776186 0.411712 0.843468
        30 0.768806 0.411712 0.843468
        35 0.754270 0.411712 0.843468
        40 0.752878 0.411712 0.843468
        41 0.753216 0.411712 0.843468
        42 0.753763 0.411712 0.843468
        43 0.751348 0.411712 0.843468
        44 0.753379 0.411712 0.843468
        45 0.751257 0.411712 0.843468
        46 0.750044 0.411712 0.843468
        47 0.749484 0.411712 0.843468
        48 0.744655 0.411712 0.843468
        49 0.746431 0.411712 0.843468
        50 0.748958 0.411712 0.843468
        51 0.746617 0.411712 0.843468

Mean across thresholds:
Aff-F: 0.6440044887725028
V-PR: 0.4117115938458786
V-ROC: 0.8434675168081324

Best threshold by Aff-F:
threshold: 29
Aff-F: 0.7761862533777986
V-PR: 0.4117115938458786
V-ROC: 0.8434675168081324
