MindTS threshold metrics

model_name: MindTS
model_params: {"align_loss_type": "text_gaussian_nll", "batch_size": 32, "d_ff": 8, "d_model": 256, "dataset_description": "Energy contains weekly U.S. gasoline price statistics in dollars per gallon and energy reports collected from the U.S. Energy Information Administration.", "e_layers": 1, "enc_in_time": 9, "frequency_keep_modes": 4, "horizon": 0, "mask_ratio": 0.4, "norm": true, "num_epochs": 5, "parallel_strategy": null, "patch_size": 6, "r": 0.2, "recon_logvar_max": 2.0, "recon_logvar_min": -6.0, "recon_loss_type": "mse", "seq_len": 24, "stl_period": 52, "stride": 6, "time_freq_align_weight": 0.2, "use_frequency_branch": false, "use_information_condenser": false}
file_name: Energy.csv

Each threshold:
 threshold    Aff-F     V-PR    V-ROC
         1 0.231882 0.409653 0.674628
         2 0.303828 0.409653 0.674628
         3 0.372250 0.409653 0.674628
         4 0.365265 0.409653 0.674628
         5 0.454058 0.409653 0.674628
         6 0.498896 0.409653 0.674628
         7 0.550248 0.409653 0.674628
         8 0.572902 0.409653 0.674628
        10 0.596312 0.409653 0.674628
        11 0.598095 0.409653 0.674628
        12 0.607044 0.409653 0.674628
        13 0.614061 0.409653 0.674628
        14 0.639218 0.409653 0.674628
        15 0.639206 0.409653 0.674628
        16 0.670256 0.409653 0.674628
        17 0.667585 0.409653 0.674628
        18 0.661620 0.409653 0.674628
        19 0.653100 0.409653 0.674628
        20 0.663928 0.409653 0.674628
        21 0.663928 0.409653 0.674628
        22 0.658707 0.409653 0.674628
        23 0.667135 0.409653 0.674628
        24 0.689693 0.409653 0.674628
        25 0.714656 0.409653 0.674628
        26 0.704774 0.409653 0.674628
        27 0.725811 0.409653 0.674628
        28 0.723744 0.409653 0.674628
        29 0.721553 0.409653 0.674628
        30 0.708654 0.409653 0.674628
        35 0.723977 0.409653 0.674628
        40 0.716393 0.409653 0.674628
        41 0.716936 0.409653 0.674628
        42 0.715449 0.409653 0.674628
        43 0.715692 0.409653 0.674628
        44 0.714906 0.409653 0.674628
        45 0.713917 0.409653 0.674628
        46 0.719250 0.409653 0.674628
        47 0.713864 0.409653 0.674628
        48 0.713866 0.409653 0.674628
        49 0.711104 0.409653 0.674628
        50 0.711168 0.409653 0.674628
        51 0.710621 0.409653 0.674628

Mean across thresholds:
Aff-F: 0.6341798407208087
V-PR: 0.40965311475970934
V-ROC: 0.6746275989099918

Best threshold by Aff-F:
threshold: 27
Aff-F: 0.7258109688903952
V-PR: 0.40965311475970934
V-ROC: 0.6746275989099917
