MindTS threshold metrics

model_name: MindTS
model_params: {"align_loss_type": "contrastive", "batch_size": 64, "d_ff": 64, "d_model": 64, "dataset_description": "Environment contains daily Air Quality Index data and related reports collected from the U.S. Environmental Protection Agency and NBC.", "e_layers": 1, "enc_in_time": 1, "horizon": 0, "mask_ratio": 0.4, "norm": true, "num_epochs": 5, "parallel_strategy": null, "patch_size": 6, "r": 0.9, "recon_logvar_max": 2.0, "recon_logvar_min": -6.0, "recon_loss_type": "mse", "seq_len": 72, "stl_period": 7, "stride": 6, "use_information_condenser": true}
file_name: Environment.csv

Each threshold:
 threshold    Aff-F     V-PR    V-ROC
         1 0.065773 0.369114 0.834931
         2 0.129884 0.369114 0.834931
         3 0.211815 0.369114 0.834931
         4 0.275009 0.369114 0.834931
         5 0.332630 0.369114 0.834931
         6 0.390955 0.369114 0.834931
         7 0.408471 0.369114 0.834931
         8 0.416884 0.369114 0.834931
        10 0.514218 0.369114 0.834931
        11 0.542819 0.369114 0.834931
        12 0.596692 0.369114 0.834931
        13 0.626072 0.369114 0.834931
        14 0.650412 0.369114 0.834931
        15 0.686874 0.369114 0.834931
        16 0.692234 0.369114 0.834931
        17 0.713180 0.369114 0.834931
        18 0.722246 0.369114 0.834931
        19 0.722719 0.369114 0.834931
        20 0.733238 0.369114 0.834931
        21 0.731273 0.369114 0.834931
        22 0.737685 0.369114 0.834931
        23 0.727051 0.369114 0.834931
        24 0.739434 0.369114 0.834931
        25 0.742851 0.369114 0.834931
        26 0.748826 0.369114 0.834931
        27 0.749506 0.369114 0.834931
        28 0.758482 0.369114 0.834931
        29 0.765833 0.369114 0.834931
        30 0.767500 0.369114 0.834931
        35 0.770017 0.369114 0.834931
        40 0.754711 0.369114 0.834931
        41 0.757177 0.369114 0.834931
        42 0.755555 0.369114 0.834931
        43 0.756337 0.369114 0.834931
        44 0.751239 0.369114 0.834931
        45 0.746634 0.369114 0.834931
        46 0.748986 0.369114 0.834931
        47 0.752516 0.369114 0.834931
        48 0.747768 0.369114 0.834931
        49 0.742916 0.369114 0.834931
        50 0.734644 0.369114 0.834931
        51 0.733134 0.369114 0.834931

Mean across thresholds:
Aff-F: 0.6345761658340352
V-PR: 0.3691136837778358
V-ROC: 0.83493073317257

Best threshold by Aff-F:
threshold: 35
Aff-F: 0.7700170253487938
V-PR: 0.36911368377783577
V-ROC: 0.83493073317257
