MindTS threshold metrics

model_name: MindTS
model_params: {"align_loss_type": "text_gaussian_nll", "batch_size": 64, "d_ff": 8, "d_model": 64, "dataset_description": "Weather contains temperature and humidity statistics and reports collected from government websites.", "e_layers": 1, "enc_in_time": 4, "frequency_keep_modes": 4, "horizon": 0, "mask_ratio": 0.4, "norm": true, "num_epochs": 5, "parallel_strategy": null, "patch_size": 6, "r": 0.8, "recon_logvar_max": 2.0, "recon_logvar_min": -6.0, "recon_loss_type": "mse", "seq_len": 24, "stl_period": 3, "stride": 6, "time_freq_align_weight": 0.2, "use_frequency_branch": false, "use_information_condenser": false}
file_name: Weather.csv

Each threshold:
 threshold    Aff-F    V-PR    V-ROC
         1 0.177651 0.49937 0.788428
         2 0.289161 0.49937 0.788428
         3 0.431644 0.49937 0.788428
         4 0.495300 0.49937 0.788428
         5 0.581362 0.49937 0.788428
         6 0.618345 0.49937 0.788428
         7 0.654914 0.49937 0.788428
         8 0.680476 0.49937 0.788428
        10 0.703860 0.49937 0.788428
        11 0.736312 0.49937 0.788428
        12 0.739254 0.49937 0.788428
        13 0.749651 0.49937 0.788428
        14 0.771455 0.49937 0.788428
        15 0.779214 0.49937 0.788428
        16 0.779356 0.49937 0.788428
        17 0.777951 0.49937 0.788428
        18 0.775517 0.49937 0.788428
        19 0.773627 0.49937 0.788428
        20 0.773988 0.49937 0.788428
        21 0.780977 0.49937 0.788428
        22 0.788510 0.49937 0.788428
        23 0.787732 0.49937 0.788428
        24 0.784835 0.49937 0.788428
        25 0.783469 0.49937 0.788428
        26 0.777451 0.49937 0.788428
        27 0.778106 0.49937 0.788428
        28 0.776683 0.49937 0.788428
        29 0.772396 0.49937 0.788428
        30 0.773134 0.49937 0.788428
        35 0.784774 0.49937 0.788428
        40 0.773333 0.49937 0.788428
        41 0.769785 0.49937 0.788428
        42 0.771517 0.49937 0.788428
        43 0.772363 0.49937 0.788428
        44 0.772228 0.49937 0.788428
        45 0.770814 0.49937 0.788428
        46 0.770053 0.49937 0.788428
        47 0.766243 0.49937 0.788428
        48 0.763159 0.49937 0.788428
        49 0.759009 0.49937 0.788428
        50 0.758707 0.49937 0.788428
        51 0.754996 0.49937 0.788428

Mean across thresholds:
Aff-F: 0.7161741124810932
V-PR: 0.4993695313142967
V-ROC: 0.788427801539208

Best threshold by Aff-F:
threshold: 22
Aff-F: 0.7885097409784694
V-PR: 0.4993695313142966
V-ROC: 0.7884278015392081
