MindTS threshold metrics

model_name: MindTS
model_params: {"align_loss_type": "text_gaussian_nll", "batch_size": 64, "d_ff": 64, "d_model": 64, "dataset_description": "Environment contains daily Air Quality Index data and related reports collected from the U.S. Environmental Protection Agency and NBC.", "e_layers": 1, "enc_in_time": 1, "horizon": 0, "mask_ratio": 0.4, "norm": true, "num_epochs": 5, "parallel_strategy": null, "patch_size": 6, "r": 0.9, "recon_logvar_max": 2.0, "recon_logvar_min": -6.0, "recon_loss_type": "gaussian_nll", "seq_len": 72, "stl_period": 7, "stride": 6, "use_information_condenser": false}
file_name: Environment.csv

Each threshold:
 threshold    Aff-F    V-PR   V-ROC
         1 0.270120 0.39818 0.81609
         2 0.437308 0.39818 0.81609
         3 0.466757 0.39818 0.81609
         4 0.546639 0.39818 0.81609
         5 0.562086 0.39818 0.81609
         6 0.622557 0.39818 0.81609
         7 0.650729 0.39818 0.81609
         8 0.681686 0.39818 0.81609
        10 0.706140 0.39818 0.81609
        11 0.712337 0.39818 0.81609
        12 0.716171 0.39818 0.81609
        13 0.723482 0.39818 0.81609
        14 0.725596 0.39818 0.81609
        15 0.723959 0.39818 0.81609
        16 0.729249 0.39818 0.81609
        17 0.736892 0.39818 0.81609
        18 0.744170 0.39818 0.81609
        19 0.752584 0.39818 0.81609
        20 0.749379 0.39818 0.81609
        21 0.756938 0.39818 0.81609
        22 0.758047 0.39818 0.81609
        23 0.763240 0.39818 0.81609
        24 0.760914 0.39818 0.81609
        25 0.757962 0.39818 0.81609
        26 0.750567 0.39818 0.81609
        27 0.753972 0.39818 0.81609
        28 0.753591 0.39818 0.81609
        29 0.749231 0.39818 0.81609
        30 0.745600 0.39818 0.81609
        35 0.759071 0.39818 0.81609
        40 0.751920 0.39818 0.81609
        41 0.751897 0.39818 0.81609
        42 0.752836 0.39818 0.81609
        43 0.753828 0.39818 0.81609
        44 0.749537 0.39818 0.81609
        45 0.744321 0.39818 0.81609
        46 0.746735 0.39818 0.81609
        47 0.744822 0.39818 0.81609
        48 0.745441 0.39818 0.81609
        49 0.746296 0.39818 0.81609
        50 0.748213 0.39818 0.81609
        51 0.748974 0.39818 0.81609

Mean across thresholds:
Aff-F: 0.7036141704414786
V-PR: 0.39818024001410973
V-ROC: 0.816089826903176

Best threshold by Aff-F:
threshold: 23
Aff-F: 0.7632401194974701
V-PR: 0.39818024001410973
V-ROC: 0.8160898269031761
