MindTS threshold metrics

model_name: MindTS
model_params: {"align_loss_type": "contrastive", "batch_size": 16, "d_ff": 16, "d_model": 256, "dataset_description": "KR is a financial stock series. Numerical data come from Yahoo Finance; related financial news comes from NASDAQ, Bloomberg, and other financial news websites.", "e_layers": 1, "enc_in_time": 1, "frequency_keep_modes": 4, "horizon": 0, "mask_ratio": 0.4, "norm": true, "num_epochs": 5, "parallel_strategy": null, "patch_size": 8, "r": 0.9, "recon_logvar_max": 2.0, "recon_logvar_min": -6.0, "recon_loss_type": "mse", "seq_len": 24, "stl_period": 5, "stride": 8, "time_freq_align_weight": 0.2, "use_frequency_branch": false, "use_information_condenser": false}
file_name: KR.csv

Each threshold:
 threshold    Aff-F     V-PR    V-ROC
         1 0.409445 0.530632 0.924955
         2 0.451794 0.530632 0.924955
         3 0.570536 0.530632 0.924955
         4 0.614324 0.530632 0.924955
         5 0.677370 0.530632 0.924955
         6 0.752776 0.530632 0.924955
         7 0.847293 0.530632 0.924955
         8 0.836579 0.530632 0.924955
        10 0.868898 0.530632 0.924955
        11 0.865062 0.530632 0.924955
        12 0.863214 0.530632 0.924955
        13 0.855387 0.530632 0.924955
        14 0.874617 0.530632 0.924955
        15 0.888260 0.530632 0.924955
        16 0.877688 0.530632 0.924955
        17 0.873286 0.530632 0.924955
        18 0.867214 0.530632 0.924955
        19 0.857839 0.530632 0.924955
        20 0.839767 0.530632 0.924955
        21 0.826419 0.530632 0.924955
        22 0.827319 0.530632 0.924955
        23 0.827319 0.530632 0.924955
        24 0.828094 0.530632 0.924955
        25 0.834851 0.530632 0.924955
        26 0.822337 0.530632 0.924955
        27 0.820476 0.530632 0.924955
        28 0.817553 0.530632 0.924955
        29 0.817859 0.530632 0.924955
        30 0.817162 0.530632 0.924955
        35 0.790032 0.530632 0.924955
        40 0.763987 0.530632 0.924955
        41 0.762330 0.530632 0.924955
        42 0.760587 0.530632 0.924955
        43 0.758165 0.530632 0.924955
        44 0.760724 0.530632 0.924955
        45 0.759528 0.530632 0.924955
        46 0.751752 0.530632 0.924955
        47 0.748661 0.530632 0.924955
        48 0.745979 0.530632 0.924955
        49 0.745569 0.530632 0.924955
        50 0.741711 0.530632 0.924955
        51 0.734307 0.530632 0.924955

Mean across thresholds:
Aff-F: 0.7798588388110568
V-PR: 0.5306315485928724
V-ROC: 0.9249549451843271

Best threshold by Aff-F:
threshold: 15
Aff-F: 0.8882600466666956
V-PR: 0.5306315485928724
V-ROC: 0.9249549451843272
