MindTS threshold metrics

model_name: MindTS
model_params: {"align_loss_type": "symmetric_gaussian_kl", "batch_size": 32, "d_ff": 8, "d_model": 256, "dataset_description": "Energy contains weekly U.S. gasoline price statistics in dollars per gallon and energy reports collected from the U.S. Energy Information Administration.", "e_layers": 1, "enc_in_time": 9, "frequency_keep_modes": 4, "horizon": 0, "mask_ratio": 0.4, "norm": true, "num_epochs": 5, "parallel_strategy": null, "patch_size": 6, "r": 0.2, "recon_logvar_max": 2.0, "recon_logvar_min": -6.0, "recon_loss_type": "mse", "seq_len": 24, "stl_period": 52, "stride": 6, "time_freq_align_weight": 0.2, "use_frequency_branch": false, "use_information_condenser": false}
file_name: Energy.csv

Each threshold:
 threshold    Aff-F     V-PR    V-ROC
         1 0.247350 0.406139 0.681186
         2 0.304538 0.406139 0.681186
         3 0.387210 0.406139 0.681186
         4 0.447215 0.406139 0.681186
         5 0.516866 0.406139 0.681186
         6 0.552734 0.406139 0.681186
         7 0.580642 0.406139 0.681186
         8 0.567375 0.406139 0.681186
        10 0.562247 0.406139 0.681186
        11 0.551491 0.406139 0.681186
        12 0.550510 0.406139 0.681186
        13 0.575422 0.406139 0.681186
        14 0.587082 0.406139 0.681186
        15 0.634863 0.406139 0.681186
        16 0.637506 0.406139 0.681186
        17 0.646601 0.406139 0.681186
        18 0.651953 0.406139 0.681186
        19 0.632749 0.406139 0.681186
        20 0.632615 0.406139 0.681186
        21 0.654193 0.406139 0.681186
        22 0.650730 0.406139 0.681186
        23 0.675951 0.406139 0.681186
        24 0.669660 0.406139 0.681186
        25 0.671466 0.406139 0.681186
        26 0.693504 0.406139 0.681186
        27 0.716448 0.406139 0.681186
        28 0.721863 0.406139 0.681186
        29 0.720167 0.406139 0.681186
        30 0.716242 0.406139 0.681186
        35 0.727947 0.406139 0.681186
        40 0.741411 0.406139 0.681186
        41 0.733172 0.406139 0.681186
        42 0.724786 0.406139 0.681186
        43 0.721077 0.406139 0.681186
        44 0.719865 0.406139 0.681186
        45 0.718526 0.406139 0.681186
        46 0.718526 0.406139 0.681186
        47 0.715193 0.406139 0.681186
        48 0.718040 0.406139 0.681186
        49 0.719843 0.406139 0.681186
        50 0.718898 0.406139 0.681186
        51 0.719365 0.406139 0.681186

Mean across thresholds:
Aff-F: 0.6322343347470889
V-PR: 0.40613857271359255
V-ROC: 0.6811863358479505

Best threshold by Aff-F:
threshold: 40
Aff-F: 0.741410772765597
V-PR: 0.40613857271359244
V-ROC: 0.6811863358479505
