MindTS threshold metrics

model_name: MindTS
model_params: {"align_loss_type": "contrastive", "batch_size": 64, "d_ff": 64, "d_model": 64, "dataset_description": "Environment contains daily Air Quality Index data and related reports collected from the U.S. Environmental Protection Agency and NBC.", "e_layers": 1, "enc_in_time": 1, "horizon": 0, "mask_ratio": 0.4, "norm": true, "num_epochs": 5, "parallel_strategy": null, "patch_size": 6, "r": 0.9, "recon_logvar_max": 2.0, "recon_logvar_min": -6.0, "recon_loss_type": "mse", "seq_len": 72, "stl_period": 7, "stride": 6, "use_information_condenser": false}
file_name: Environment.csv

Each threshold:
 threshold    Aff-F     V-PR   V-ROC
         1 0.090710 0.416266 0.85377
         2 0.153689 0.416266 0.85377
         3 0.165189 0.416266 0.85377
         4 0.226223 0.416266 0.85377
         5 0.275124 0.416266 0.85377
         6 0.362154 0.416266 0.85377
         7 0.419408 0.416266 0.85377
         8 0.459636 0.416266 0.85377
        10 0.541279 0.416266 0.85377
        11 0.560694 0.416266 0.85377
        12 0.598089 0.416266 0.85377
        13 0.633860 0.416266 0.85377
        14 0.672580 0.416266 0.85377
        15 0.685658 0.416266 0.85377
        16 0.721072 0.416266 0.85377
        17 0.746184 0.416266 0.85377
        18 0.755704 0.416266 0.85377
        19 0.770140 0.416266 0.85377
        20 0.764332 0.416266 0.85377
        21 0.770932 0.416266 0.85377
        22 0.778211 0.416266 0.85377
        23 0.782820 0.416266 0.85377
        24 0.779425 0.416266 0.85377
        25 0.782268 0.416266 0.85377
        26 0.770504 0.416266 0.85377
        27 0.770958 0.416266 0.85377
        28 0.771163 0.416266 0.85377
        29 0.769126 0.416266 0.85377
        30 0.761104 0.416266 0.85377
        35 0.765552 0.416266 0.85377
        40 0.752479 0.416266 0.85377
        41 0.758603 0.416266 0.85377
        42 0.763857 0.416266 0.85377
        43 0.763529 0.416266 0.85377
        44 0.764834 0.416266 0.85377
        45 0.765011 0.416266 0.85377
        46 0.761976 0.416266 0.85377
        47 0.760278 0.416266 0.85377
        48 0.758352 0.416266 0.85377
        49 0.757349 0.416266 0.85377
        50 0.751280 0.416266 0.85377
        51 0.748965 0.416266 0.85377

Mean across thresholds:
Aff-F: 0.6478642982540987
V-PR: 0.41626621817535986
V-ROC: 0.8537696340232821

Best threshold by Aff-F:
threshold: 23
Aff-F: 0.7828196466818154
V-PR: 0.41626621817535986
V-ROC: 0.8537696340232822
