MindTS threshold metrics

model_name: MindTS
model_params: {"align_loss_type": "contrastive", "batch_size": 16, "d_ff": 512, "d_model": 256, "dataset_description": "EWJ is a financial stock series. Numerical data come from Yahoo Finance; related financial news comes from NASDAQ, Bloomberg, and other financial news websites.", "e_layers": 1, "enc_in_time": 1, "horizon": 0, "mask_ratio": 0.3, "norm": true, "num_epochs": 5, "parallel_strategy": null, "patch_size": 6, "r": 0.5, "recon_logvar_max": 2.0, "recon_logvar_min": -6.0, "recon_loss_type": "mse", "seq_len": 48, "stl_period": 5, "stride": 6, "use_information_condenser": false}
file_name: EWJ.csv

Each threshold:
 threshold    Aff-F     V-PR    V-ROC
         1 0.043300 0.321345 0.727929
         2 0.156863 0.321345 0.727929
         3 0.227127 0.321345 0.727929
         4 0.418453 0.321345 0.727929
         5 0.481917 0.321345 0.727929
         6 0.540413 0.321345 0.727929
         7 0.565392 0.321345 0.727929
         8 0.616330 0.321345 0.727929
        10 0.668958 0.321345 0.727929
        11 0.702106 0.321345 0.727929
        12 0.733688 0.321345 0.727929
        13 0.746191 0.321345 0.727929
        14 0.739132 0.321345 0.727929
        15 0.735338 0.321345 0.727929
        16 0.746084 0.321345 0.727929
        17 0.748909 0.321345 0.727929
        18 0.764433 0.321345 0.727929
        19 0.774987 0.321345 0.727929
        20 0.772829 0.321345 0.727929
        21 0.763186 0.321345 0.727929
        22 0.770096 0.321345 0.727929
        23 0.766774 0.321345 0.727929
        24 0.765564 0.321345 0.727929
        25 0.763771 0.321345 0.727929
        26 0.757745 0.321345 0.727929
        27 0.763621 0.321345 0.727929
        28 0.757327 0.321345 0.727929
        29 0.757262 0.321345 0.727929
        30 0.749789 0.321345 0.727929
        35 0.724938 0.321345 0.727929
        40 0.717069 0.321345 0.727929
        41 0.718836 0.321345 0.727929
        42 0.714895 0.321345 0.727929
        43 0.717192 0.321345 0.727929
        44 0.717861 0.321345 0.727929
        45 0.717957 0.321345 0.727929
        46 0.715392 0.321345 0.727929
        47 0.714644 0.321345 0.727929
        48 0.710413 0.321345 0.727929
        49 0.700145 0.321345 0.727929
        50 0.701274 0.321345 0.727929
        51 0.712968 0.321345 0.727929

Mean across thresholds:
Aff-F: 0.6685992840556109
V-PR: 0.3213449327693485
V-ROC: 0.7279289449066666

Best threshold by Aff-F:
threshold: 19
Aff-F: 0.7749874198950811
V-PR: 0.32134493276934856
V-ROC: 0.7279289449066667
