MindTS threshold metrics

model_name: MindTS
model_params: {"align_loss_type": "contrastive", "batch_size": 16, "d_ff": 512, "d_model": 256, "dataset_description": "EWJ is a financial stock series. Numerical data come from Yahoo Finance; related financial news comes from NASDAQ, Bloomberg, and other financial news websites.", "e_layers": 1, "enc_in_time": 1, "horizon": 0, "mask_ratio": 0.3, "norm": true, "num_epochs": 5, "parallel_strategy": null, "patch_size": 6, "r": 0.5, "recon_logvar_max": 2.0, "recon_logvar_min": -6.0, "recon_loss_type": "gaussian_nll", "seq_len": 48, "stl_period": 5, "stride": 6, "use_information_condenser": false}
file_name: EWJ.csv

Each threshold:
 threshold    Aff-F     V-PR    V-ROC
         1 0.165669 0.283696 0.594695
         2 0.301615 0.283696 0.594695
         3 0.388672 0.283696 0.594695
         4 0.463285 0.283696 0.594695
         5 0.546195 0.283696 0.594695
         6 0.590426 0.283696 0.594695
         7 0.636791 0.283696 0.594695
         8 0.636791 0.283696 0.594695
        10 0.676270 0.283696 0.594695
        11 0.679568 0.283696 0.594695
        12 0.675410 0.283696 0.594695
        13 0.676419 0.283696 0.594695
        14 0.680283 0.283696 0.594695
        15 0.659151 0.283696 0.594695
        16 0.659396 0.283696 0.594695
        17 0.648649 0.283696 0.594695
        18 0.650420 0.283696 0.594695
        19 0.663695 0.283696 0.594695
        20 0.673050 0.283696 0.594695
        21 0.667253 0.283696 0.594695
        22 0.663064 0.283696 0.594695
        23 0.662212 0.283696 0.594695
        24 0.658489 0.283696 0.594695
        25 0.653986 0.283696 0.594695
        26 0.655301 0.283696 0.594695
        27 0.663248 0.283696 0.594695
        28 0.664656 0.283696 0.594695
        29 0.655971 0.283696 0.594695
        30 0.647307 0.283696 0.594695
        35 0.655485 0.283696 0.594695
        40 0.686033 0.283696 0.594695
        41 0.687184 0.283696 0.594695
        42 0.688136 0.283696 0.594695
        43 0.688892 0.283696 0.594695
        44 0.690339 0.283696 0.594695
        45 0.689218 0.283696 0.594695
        46 0.688041 0.283696 0.594695
        47 0.689660 0.283696 0.594695
        48 0.686951 0.283696 0.594695
        49 0.684314 0.283696 0.594695
        50 0.680055 0.283696 0.594695
        51 0.686631 0.283696 0.594695

Mean across thresholds:
Aff-F: 0.6324805329715569
V-PR: 0.28369602073679784
V-ROC: 0.5946951513936741

Best threshold by Aff-F:
threshold: 44
Aff-F: 0.6903391660725169
V-PR: 0.28369602073679784
V-ROC: 0.5946951513936742
